25229611
28765103
29186713
31958267
34335102
35196949
35238510
37167435
45112472
48055097
48335990
49046053
52457513
56152792
58235975
59130836
59442243
62812461
62996319
64599250
65776765
66108860
66324726
67917987
68455580
68785059
69151026
69258739
69465424
70423672
70966773
71427412
71872048
72713068
73272861
73886810
74036631
74574148
74968077
75982458
76983125
77150094
77322506
77692713
78622586
79324285
79693525
80029741
80043110
80047776
80053856
80058007
80058686
80069892
80080143
80090688
80116261
80190283
80216226
80234364
80254985
80257863
80266126
80282288
80294262
80304910
80307143
80310728
80310760
80329007
80330526
80354965
80365088
80372689
80373741
80374379
80376698
80392966
80439704
80485190
80485954
80522716
80570225
80602365
80607196
80636076
80721088
80741363
80751015
80751258
80793973
80799518
80802260
80807433
80810829
80859968
80883482
80889838
80893017
80902762
80922002
80943035
80944019
80949335
81006850
81027264
81029656
81076540
81077783
81089864
81114250
81228903
81231143
81239914
81246971
81248695
81250465
81253058
81308293
81319197
81322478
81323425
81327338
81376600
81405053
81419649
81429094
81441785
81453712
81468794
81469061
81506209
81525218
81573046
81578053
81647834
81685969
81698866
81735035
81770940
81772350
81813944
81840453
81845351
81876550
81895913
81907587
81926455
81946258
81952997
81956700
81966578
81971795
81975408
82093283
82101557
82108532
82130682
82140563
82148366
82149076
82165233
82171198
82205409
82279568
82282178
82284661
82286516
82291411
82299008
82337243
82349135
82358941
82372657
82381498
82410348
82410453
82436548
82439100
82474361
82485292
82485866
82510982
82549455
82607726
82610196
82617978
82619956
82643771
82670662
82676143
82736819
82769037
82769582
82770915
82825392
82830505
82850997
82857362
82861663
82869495
82869940
82877395
82880887
82900751
82910880
82910921
82910963
82996207
83056468
83113217
83134511
83161356
83171014
83217102
83220524
83300537
83318634
83318805
83318904
83319007
83324472
83327290
83348536
83390850
83411157
83453468
83461059
83461251
83473306
83478913
83480312
83505331
83511236
83552518
83560502
83620845
83625968
83698234
83743220
83751610
83808727
83808999
83835885
83842184
83942474
83973360
83999136
84012037
84028230
84044827
84049152
84051148
84060168
84143230
84155425
84211405
84218294
84228876
84266779
84273877
84274709
84275659
84277406
84306458
84316031
84396366
84513331
84544047
84592018
84613329
84653039
84782870
84790779
84808989
84820583
84840856
84841464
84841503
84843655
84854444
84855899
84908060
84935793
84966873
84996078
85010556
85037632
85048233
85077636
85222767
85283256
85287105
85296336
85307323
85364066
85393336
85393454
85393548
85393603
85395481
85453277
85455886
85464439
85468396
85495778
85497015
85498079
85543567
85543863
85560870
85565585
85583650
85706673
85728452
85752268
85792087
85873497
85888358
85910530
85923681
85959063
85964893
85984450
86032203
86042787
86048096
86055549
86069729
86070471
86103226
86103638
86173811
86176576
86196826
86203152
86209787
86236504
86304355
86322937
86380259
86426398
86462399
86497821
86497953
86498093
86498205
86499752
86505426
86520534
86528692
86545065
86553928
86581426
86592189
86609692
86615094
86638795
86659329
86732347
86754223
86789874
86879789
86902832
86987072
87042536
87052620
87060445
87073273
87098652
87127171
87130825
87152131
87229497
87260945
87275330
87290282
87312901
87345942
87357757
87364029
87387424
87389426
87413389
87546577
87548294
87598842
87599721
87627271
87655203
87697129
87717037
87717652
87736009
87756873
87758279
87760542
87760876
87771153
87903161
87932932
87936438
87958237
88028832
88033013
88117282
88184551
88193369
88207482
88217412
88253474
88272507
88317126
88351627
88364503
88377520
88398292
88423914
88441786
88449932
88453037
88479658
88505886
88597520
88601036
88715276
88735880
88767177
88775075
88778120
88783407
88784457
88808711
88839006
88863141
88895959
88896119
88969591
88991228
89012506
89013258
89024071
89073601
89074489
89133802
89154083
89186913
89294268
89299912
89315655
89340266
89353936
89355424
89367022
89425694
89439915
89497563
89523531
89555847
89585031
89604897
89608213
89660284
89701367
89717897
89720709
89726484
89846146
89851364
89864783
89867389
89877254
89892839
89896692
89897981
89932255
89937979
89942516
89957478
89970192
89980138
90019212
90048265
90054688
90084476
90086400
90216159
90218388
90303868
90330036
90337519
90356820
90361696
90363985
90394694
90396156
90412540
90414595
90444406
90481474
90486510
90518245
90527308
90600091
90636863
90652413
90685235
90798333
90819149
90825504
90863644
90865111
90867422
90870211
90928858
90937830
90938911
90939896
90955289
90956654
90957175
90961690
91001451
91024700
91024956
91025175
91045179
91051369
91128813
91159366
91178539
91182719
91195752
91232885
91233964
91237498
91335384
91435131
91493896
91495255
91511329
91511590
91527876
91577371
91613910
91623301
91626130
91627627
91645517
91700822
91708276
91720108
91733443
91735396
91782163
91805372
91807012
91827343
91893544
91908515
91935895
91943284
91982857
92000581
92001782
92007684
92007886
92007988
92034076
92039779
92061738
92066870
92100112
92111946
92125264
92158653
92211273
92219501
92243184
92265619
92289529
92336914
92346662
92450717
92459514
92461639
92464911
92475786
92478011
92482481
92497058
92503485
92539287
92591582
92633846
92648124
92687940
92704604
92755868
92762323
92767825
92783032
92869701
92930490
92982532
92982754
93008314
93009730
93011397
93027739
93051585
93052408
93054555
93062515
93064551
93067611
93095942
93133034
93170058
93211533
93269295
93272445
93329893
93345400
93402357
93434294
93439652
93488215
93533959
93545029
93550836
93563670
93568657
93631685
93663572
93770370
93836796
93936298
93947756
93951397
93962888
93981340
93986565
94000781
94004982
94024744
94032554
94046555
94059346
94063447
94130168
94134492
94157575
94164649
94171707
94190379
94234258
94360409
94380418
94443334
94482326
94543707
94592056
94600399
94620380
94650241
94655664
94686204
94701335
94730956
94769199
94830295
94872080
94908240
94909089
94920712
94984688
95013305
95043835
95089967
95125961
95259664
95315261
95330969
95353729
95378866
95402694
95438702
95531317
95583953
95616232
95640297
95700380
95731355
95748213
95752541
95766277
95807068
95824741
95832312
95850941
95877589
95896401
95900184
95909525
95961592
95968379
95979036
95980158
96014045
96168637
96207954
96239854
96241634
96241930
96289432
96334152
96365443
96429918
96457309
96476736
96479792
96722292
96790096
96942885
96948402
96977029
96986241
97117122
97136654
97188910
97196426
97205968
97282983
97333732
97387916
97461465
97571618
97619917
97641318
97642694
97650276
97659576
97664905
97693286
97693740
97709237
97709546
97733777
97765449
97774885
97798169
97855673
97861781
97887471
97910856
97930072
97935578
97945425
97953827
97968713
97968754
97991417
98005927
98059094
98197000
98203772
98219778
98400233
98514426
98567135
98591561
98599309
98639052
98645671
98654162
98726406
98726590
98758901
98908790
98952915
98960011
98969797
98974937
99154991
99164771
99213438
99277118
99300512
99311096
99358035
99375109
99414190
99481051
99498590
99548655
99554412
99608522
99654048
99681753
99813307
99819335
99819637
99866883
99867412
99899896
99925682
99971062
100006196
100031211
100049918
100050055
100108275
100110102
100112305
100113377
100170858
100184854
100220346
100238762
100254414
100266608
100275275
100335781
100374841
100382119
100394914
100450305
100505456
100516014
100544302
100547067
100596637
100761381
100801212
100814197
100952382
101061339
101193105
101212097
101280235
101300216
101426517
101449212
101481071
101539578
101547202
101704036
101753883
101763748
101774807
101775417
101833877
101835094
101842478
101851593
101853923
101917075
101966690
101980187
102048948
102105253
102137992
102146052
102151509
102225681
102235502
102286482
102302763
102306862
102328796
102340488
102380319
102389971
102467119
102484908
102488835
102683749
102718994
102747917
102833703
102896982
103015516
103079202
103186689
103247037
103291011
103292920
103297149
103305179
103380773
103382568
103432111
103433776
103455825
103462932
103466274
103470138
103479402
103522946
103532953
103592812
103727994
103752287
103833512
103882383
103885935
103894516
103944261
103950279
103981585
104017674
104026063
104066386
104072836
104127549
104253441
104295972
104355498
104366057
104370904
104430839
104433839
104466777
104553895
104557418
104609085
104667849
104670172
104697889
104732155
104760712
104783513
104893937
104938950
105028783
105061311
105102058
105145400
105179412
105194686
105253421
105387210
105408309
105447630
105466927
105474967
105567036
105659349
105714909
105719863
105820540
105879753
105936262
105937867
105959704
105981706
106026277
106036735
106059193
106072792
106104360
106144677
106149577
106340258
106342365
106368486
106397102
106454664
106476963
106496159
106522456
106607186
106626543
106686059
106801680
106819635
106849284
106942931
107087331
107149337
107168583
107172845
107249398
107257871
107278431
107358017
107429295
107474630
107745974
107757912
107816659
107825466
107829545
107895773
107896258
107907933
107982016
108024564
108071165
108128426
108152412
108153680
108155396
108155417
108263646
108320032
108401677
108406738
108407449
108455051
108509128
108510075
108523934
108542054
108544523
108572025
108594313
108621747
108633501
108683794
108709967
108767274
108776017
108851806
108889098
108891528
108918516
108930485
109013050
109076090
109110203
109126319
109133467
109140040
109202499
109237795
109257199
109260068
109281945
109297441
109298116
109398133
109420795
109423431
109426598
109478788
109509802
109522173
109528389
109613032
109691831
109734051
109774260
109818948
109951379
110012387
110108268
110140889
110141993
110217981
110219014
110413019
110419904
110593291
110593730
110594927
110643332
110668112
110793793
110949297
111411793
111416670
111492426
111506101
111570270
111578932
111659403
111675873
111772297
111820387
111868871
111869959
111874291
111906600
111908487
111963168
112043729
112073484
112140306
112162410
112185631
112226490
112414222
112429665
112437227
112439221
112529419
112529542
112622878
112714138
112749718
112751105
112772628
112782776
112790502
112887183
112931784
112969366
113015850
113049764
113090255
113105082
113119664
113139947
113142746
113308351
113355241
113381990
113444283
113465340
113531686
113544807
113601540
113647595
113677408
113750882
113758597
113830015
113831063
113854315
113879085
114066384
114142321
114200315
114203154
114379273
114476245
114485100
114600415
114615673
114691583
114742686
114745640
114797493
114800236
114801510
114880530
114885814
114941666
114966961
114978516
115004011
115037519
115087276
115130218
115219824
115343723
115351463
115360827
115397428
115490927
115575859
115602618
115623520
115731247
115921427
115921752
115922022
115922523
115922881
115960549
115967325
116013556
116029829
116064392
116104619
116266758
116287455
116341370
116402122
116721702
116728996
116774822
116779929
116804427
116891180
116895656
116915098
116920147
116962749
117036605
117092671
117097898
117164548
117164854
117246624
117257112
117271565
117273129
117273425
117323352
117389143
117430683
117441309
117594471
117612702
117618926
117637625
117663682
117765195
117784213
117836775
117877033
117896122
117947205
117979055
118029578
118175106
118192293
118203053
118203923
118236878
118244533
118251531
118286253
118401341
118402258
118414764
118490043
118503853
118505820
118546798
118597877
118642560
118708955
118738260
118752292
118763051
118773535
118777408
118824046
118847913
118849596
118850540
118859973
118889290
118895985
118913973
118917827
118926686
118949318
118955711
118974523
118975484
119067350
119094575
119095831
119183219
119231080
119295990
119300749
119305747
119332307
119379912
119386674
119398785
119443701
119489215
119494434
119590921
119593817
119707620
119773463
119818056
119822895
119851987
119904160
119934099
119948343
120018949
120149573
120192934
120198272
120200732
120208259
120232397
120232600
120232846
120278793
120286031
120295590
120303980
120370808
120400016
120417259
120419042
120513584
120575591
120587040
120647057
120692370
120699176
120770704
120782344
121067940
121080031
121118186
121142169
121142258
121158751
121179596
121202373
121237507
121365343
121533746
121582238
121584236
121604830
121611801
121717201
121721121
121811679
121861924
121947299
121948497
122159589
122198908
122200259
122256367
122330912
122352732
122359456
122369867
122401014
122511543
122585352
122586696
122609406
122626819
122702347
122771784
122926667
123059575
123220845
123326721
123561975
124016325
124022339
124375484
124455199
124486364
124576358
124632969
124705087
124805364
125087597
125400162
125407741
125594347
125603589
125628409
125633960
125676697
125744414
125792455
125798160
125800588
125818244
126061512
126088253
126089371
126143781
126200931
126201764
126238247
126328425
126451474
126473166
126502875
126520031
126535574
126565297
126566681
126590683
126591437
126674920
126722930
126732216
126747687
126807174
126836700
126860363
126874158
126933486
126945724
126947782
127081543
127147503
127151042
127164920
127166421
127189754
127199795
127209899
127327230
127410196
127422966
127472778
127501611
127550193
127568801
127602051
127696928
127776215
127778015
127789884
127794385
127795070
127845456
127862358
127864227
127954195
127966208
127967909
128004485
128007849
128055985
128193321
128225745
128230882
128233203
128235496
128236127
128336614
128353545
128366055
128467490
128523510
128603000
128648532
128660980
128763436
128790655
128800478
128804187
128840195
128845306
129055375
129117208
129135413
129167583
129196407
129225585
129255699
129291598
129306083
129337854
129397735
129424936
129426679
129476947
129494072
129496982
129543289
129580488
129634238
129644777
129660115
129722148
129723062
129789389
129807374
129869906
129993045
129999427
130000416
130004446
130034466
130079185
130132055
130147400
130153962
130355050
130445752
130461876
130462669
130509260
130568224
130604343
130606555
130722234
130772458
130808632
130812040
130815695
130875606
130908491
130998776
131074442
131172718
131224230
131236537
131258542
131277170
131327639
131396042
131463378
131502365
131588655
131615402
131664562
131847092
132032408
132076447
132140937
132176183
132196328
132224803
132314448
132336281
132473419
132516206
132676553
132677842
132689730
132693506
132706912
132730470
132825852
132928304
132975879
133077836
133104773
133138430
133191113
133191849
133194536
133198856
133210733
133257798
133281498
133288612
133290337
133296907
133305361
133323707
133376450
133495745
133505160
133570788
133582289
133631625
133640281
133660236
133785110
133785860
133800671
133801166
133824262
133829790
133864345
133868522
133874084
133885635
133893111
133897376
133926934
133996169
134003636
134037689
134101697
134131087
134135472
134167217
134224605
134307132
134323134
134347987
134383928
134457732
134472004
134509788
134523909
134575550
134595281
134639230
134639618
134642984
134656359
134663138
134721690
134746373
134785790
134841212
134909400
134931768
134942136
134967001
134979623
134983054
135049418
135152439
135164139
135221534
135237836
135240777
135244552
135359774
135409254
135448801
135535441
135576994
135679577
135701226
135718301
135758164
135969359
136177974
136179222
136182847
136247062
136273580
136321467
136335163
136480292
136507204
136615918
136703598
136810262
136825468
136877674
137000912
137003519
137034815
137114557
137188329
137231695
137287993
137298422
137362215
137379689
137389102
137423742
137439373
137454080
137455508
137670711
137683984
137740971
137824789
137826616
137856115
137915843
137971546
137990314
138002755
138044091
138151690
138163808
138255718
138256208
138316213
138323227
138402510
138426961
138463985
138480632
138480677
138493148
138604474
138612485
138617555
138643167
138785367
138872032
138913336
138913604
138944700
138965552
138966273
138997897
139050855
139052253
139073343
139086983
139089855
139123941
139158235
139158373
139252534
139256011
139517790
139556356
139576229
139618420
139620634
139815809
139816495
139882508
139922222
139998703
140088078
140120719
140122046
140136383
140241289
140255113
140319328
140339102
140449991
140471231
140488977
140503761
140603280
140700706
140707969
140710732
140744867
140790247
140847258
140923518
140939068
140962722
141025703
141074099
141174268
141251333
141263417
141359454
141372445
141372453
141394132
141395368
141419284
141455662
141551655
141551914
141581994
141587694
141756331
141911658
142026436
142074274
142127670
142153840
142199657
142278836
142363147
142393917
142395615
142432970
142450344
142460630
142491075
142576593
142830653
142962804
143004767
143030972
143149366
143202438
143295431
143325137
143347244
143354498
143471833
143492318
143597821
143642638
143658947
143659132
143679722
143690719
143700306
143784222
143812921
143832300
143832619
144003043
144257868
144287320
144367920
144435000
144536050
144554418
144694346
144698475
144751338
144848989
144866745
144873038
144937760
145019421
145168458
145208194
145240012
145282781
145302661
145312215
145313250
145336579
145597241
145719115
145725659
145772563
145814614
145822674
145961180
146009951
146110666
146189942
146213135
146251003
146260026
146292490
146386805
146504098
146524320
146578568
146624759
146666305
146666437
146730227
146974672
146987782
146990780
147019632
147121948
147215571
147359933
147365816
147387372
147395442
147408037
147488657
147731013
147811247
147832617
147947450
147969825
148073254
148107748
148149765
148228023
148237656
148283184
148308138
148381557
148484203
148505608
148514763
148693489
148697618
148774477
148948822
149010751
149024224
149091664
149149163
149314978
149408384
149471274
149480273
149538125
149594583
149667346
149764166
149791004
149793289
149909645
149930242
149951001
150002955
150015517
150054861
150058919
150062306
150097234
150120030
150157447
150174925
150208488
150280997
150387353
150447482
150495829
150536418
150553026
150592442
150655635
150677726
150759038
150790024
150793064
150799373
150826854
150845627
150851771
150925536
150937512
150965359
150989931
151029559
151037397
151069833
151097113
151120214
151141590
151150258
151158561
151224027
151260182
151315730
151329688
151359672
151393002
151437360
151464746
151557297
151557981
151716984
151849118
151886708
151933298
151934535
151969645
152034360
152095812
152189275
152210918
152349528
152372242
152374104
152411739
152414996
152424267
152552829
152563236
152585367
152585483
152585665
152620504
152632817
152774202
152774270
152774312
152774414
152774507
152797848
152803368
152828525
152970134
152979326
153011379
153024605
153053617
153054012
153092266
153094848
153164542
153170254
153172700
153190146
153217726
153218138
153275139
153290268
153290599
153391306
153394846
153400474
153442434
153444548
153449227
153453036
153467876
153470702
153480645
153610372
153610942
153656823
153698898
153728978
153775243
153792224
153867554
154005529
154006109
154049421
154061566
154077380
154091338
154092680
154095555
154101631
154108501
154117235
154134584
154162859
154188491
154208701
154290764
154306375
154314201
154470224
154470764
154478910
154497334
154498909
154536688
154560929
154608384
154615931
154617440
154721925
154791615
154916414
154934852
154993871
155004451
155072178
155096135
155104190
155110124
155149507
155158626
155169761
155245902
155259981
155264144
155270542
155272579
155328972
155347168
155453834
155454562
155479261
155549266
155549361
155572932
155575502
155621900
155627724
155629181
155630164
155631384
155635284
155641383
155665307
155666874
155684300
155698367
155740712
155772583
155784399
155789732
155978744
156028970
156049574
156083998
156086895
156145620
156151685
156156806
156157131
156161961
156193595
156198707
156199278
156259700
156346324
156381022
156419815
156422875
156433493
156456638
156457069
156459410
156464391
156475049
156528324
156550727
156568500
156570234
156589481
156634746
156636385
156676661
156684230
156744486
156751450
156759593
156768035
156768733
156769340
156790698
156806833
156810635
156812505
156812529
156874019
156912168
156916199
156948520
156997995
157022894
157026944
157096479
157137205
157142684
157175044
157175892
157187025
157202095
157203147
157229237
157244968
157247326
157247675
157260918
157286584
157291996
157335660
157339205
157348323
157369090
157369699
157394868
157467334
157494394
157528975
157564753
157565474
157570324
157572942
157589964
157604184
157608645
157634259
157636674
157667944
157687330
157688842
157691900
157716723
157730332
157732821
157738716
157789600
157836364
157857676
158000044
158001826
158027132
158029503
158034800
158049386
158055559
158081429
158117608
158122306
158126511
158130032
158141100
158183276
158199821
158283302
158298842
158309354
158324299
158324839
158338593
158342649
158345153
158408761
158419274
158428946
158489523
158528679
158558773
158610811
158683482
158736502
158772556
158779439
158787283
158800613
158825657
158834506
158839092
158852732
158890189
158911093
158969790
159038360
159092746
159099682
159150081
159173164
159184011
159232858
159242346
159265071
159292341
159351350
159365166
159521623
159558640
159644102
159668825
159688533
159755489
159801500
159805327
159819472
159887402
159889227
159889942
159907439
159910306
159941522
159948069
159956425
159971155
160017803
160026785
160116359
160155094
160185432
160220704
160236339
160353591
160358301
160381547
160410285
160431149
160447840
160457878
160460484
160462036
160511490
160538181
160588526
160655231
160664245
160665322
160678299
160735649
160740680
160755132
160785933
160819439
160902274
160916391
160933629
160937914
160959856
161022476
161082196
161092976
161098985
161106626
161118633
161129272
161134216
161139217
161155805
161173556
161208283
161251865
161266832
161335771
161393365
161432752
161444671
161480828
161485865
161512951
161522794
161525324
161544981
161551455
161592834
161608441
161609091
161613979
161620775
161627587
161653333
161657474
161663429
161664501
161671040
161702918
161710095
161713816
161747778
161881657
161882448
161885590
161934418
161944680
161952957
161996338
162043913
162087059
162169624
162212607
162212875
162218278
162249923
162285514
162292003
162296638
162317839
162325327
162335573
162371639
162412647
162443481
162444142
162444246
162446820
162492152
162502831
162513482
162525505
162769527
162770861
162773349
162799836
162799952
162809704
162814146
162823109
162834844
162837180
162837788
162839334
162860807
162864318
162871250
162875177
162999605
163018161
163038883
163047084
163057718
163057930
163064105
163081284
163084558
163142509
163153967
163158746
163182849
163191612
163197179
163224368
163245125
163337088
163358189
163372247
163376095
163394176
163405705
163416677
163422286
163515713
163517205
163519938
163534512
163535128
163536636
163557415
163601837
163639514
163639548
163666818
163694756
163714507
163730471
163790403
163798645
163829938
163864179
163882254
163905128
163913399
163937743
163950414
163965837
163966826
163976999
163977639
163984752
163995667
164016672
164017301
164029129
164061476
164086072
164091534
164117567
164126218
164182187
164182624
164192943
164223407
164228815
164253608
164269937
164270270
164300368
164302109
164339509
164347729
164361195
164374287
164407975
164408037
164408194
164412259
164469298
164481106
164493343
164558615
164594127
164611743
164615848
164619127
164638996
164649215
164656755
164664279
164691956
164706507
164718682
164726902
164755785
164767573
164780393
164786258
164813001
164888940
164893304
164894269
164907597
164909562
164920493
164981920
165014281
165029791
165075260
165080337
165083076
165154058
165229229
165255188
165257196
165328089
165330388
165340388
165347471
165348742
165364730
165376999
165395845
165411188
165414445
165421395
165434802
165462579
165501517
165512371
165535894
165538131
165542681
165566281
165580878
165583912
165616892
165619874
165628035
165629527
165647207
165667125
165667451
165684163
165702255
165822043
165854912
165856508
165867258
165920060
165981042
166005810
166078393
166117993
166139683
166141553
166151953
166165127
166176582
166182377
166186744
166190959
166192089
166238679
166251788
166263500
166281150
166299761
166300294
166304662
166342156
166353937
166385111
166431091
166505598
166550051
166550871
166634954
166808941
166828405
166846917
167014236
167090594
167102515
167109116
167127337
167127465
167195189
167266232
167268543
167303800
167318493
167331123
167342646
167355092
167362549
167392103
167418238
167455057
167474925
167560794
167587102
167609667
167650778
167656659
167671780
167683073
167726787
167729637
167751269
167775468
167823557
167837126
167862234
167862384
167885571
167917412
167953026
167980100
167985624
167989948
168013140
168017239
168017616
168018126
168028896
168030895
168046333
168078108
168136384
168172373
168229593
168353005
168457343
168458062
168466503
168474921
168487637
168493968
168498398
168527351
168539114
168549597
168610078
168662122
168696362
168721179
168812245
168822482
168845126
168984481
168997707
169005341
169018162
169042975
169082657
169118171
169239546
169252910
169312188
169317315
169367648
169416393
169452961
169512818
169554003
169576692
169594220
169682408
169777724
169782638
169802263
169804047
169807268
169809161
169816274
169817576
169859880
169895284
169935306
169988418
170029398
170100900
170120671
170141065
170172649
170182518
170185419
170200889
170273724
170300688
170318109
170320007
170322610
170340370
170352139
170399428
170429524
170452939
170488932
170529860
170580105
170592317
170598312
170612060
170647524
170682620
170683349
170687994
170690235
170690472
170692000
170693139
170725054
170734774
170782104
170784462
170805058
170883384
170900719
170901975
170902581
170917486
170919570
170929567
170932153
170989052
170991837
171008527
171045264
171082211
171125249
171172391
171175493
171178231
171209983
171236157
171253784
171320127
171337187
171340491
171342658
171348955
171421281
171453612
171454561
171461313
171467618
171480768
171540098
171551752
171555808
171561846
171580257
171586802
171596925
171627015
171630319
171643317
171691318
171746834
171780476
171883780
171891048
171899110
171930184
171941366
171943583
172009610
172041163
172044868
172052100
172056971
172073590
172135611
172140369
172168059
172173074
172180454