23649365
30408253
36402092
38182660
39493159
42400239
43934582
46149289
46592918
47187684
47583692
49299168
50573741
54093431
54874993
54940361
55067382
55636106
56303473
58218928
58534644
58572387
58735583
59607124
60741509
60910130
61169802
65281406
65445140
65814566
66299894
66711487
66775162
71979365
74106548
74195657
74537938
74610678
74790731
74867423
75298368
77077954
77287289
77341738
78063989
78341621
78753730
79206212
80943734
82303562
83058538
83578701
84485446
85667625
85852417
86307379
86329372
86330717
86337390
86339100
86392291
86410585
86425293
86436079
86441119
86451131
86459761
86477812
86479303
86501267
86518004
86518358
86525596
86529326
86532566
86552764
86553032
86560450
86560520
86571283
86602844
86616350
86618358
86621186
86626091
86649877
86659363
86662424
86697243
86704583
86738824
86738974
86739808
86740591
86761171
86762711
86772336
86773374
86778451
86791580
86830974
86855533
86861681
86908731
86939754
86968953
86969316
86993589
87003560
87018658
87023043
87034381
87043441
87072829
87075107
87076202
87089790
87093742
87103735
87125066
87147022
87147302
87152886
87156034
87157767
87172818
87175903
87176192
87198075
87207522
87228348
87254142
87259041
87268632
87275155
87299764
87313361
87332428
87346726
87369773
87448131
87473060
87532471
87567047
87569919
87588564
87601174
87602747
87610283
87612321
87630535
87632631
87633282
87648701
87651636
87656916
87687767
87691028
87714343
87726110
87731592
87745469
87747793
87793517
87794255
87833849
87897272
87956021
88012047
88021297
88066686
88127787
88157995
88171770
88174241
88188983
88214726
88220638
88221632
88230324
88237861
88245730
88247694
88262642
88271376
88277328
88283042
88283193
88294779
88327000
88336142
88337908
88340516
88357366
88371328
88373442
88374637
88375693
88377185
88396585
88397943
88401216
88406364
88409828
88435378
88438982
88445960
88455889
88460921
88461128
88463173
88470670
88476673
88530389
88548093
88553972
88557231
88571395
88615320
88624880
88665608
88681274
88704551
88709261
88710092
88741247
88741626
88746797
88749269
88752150
88756339
88786898
88790188
88795945
88797848
88822830
88838269
88839604
88851028
88862570
88870682
88871143
88875428
88877501
88881818
88884848
88894893
88896874
88906742
88910660
88913664
88913830
88931435
88935246
88948070
88960222
88982319
88986204
89083672
89096740
89112728
89114212
89122296
89162121
89215361
89219635
89235750
89236400
89269607
89278591
89281672
89308361
89316328
89337470
89354372
89356279
89380861
89388444
89397120
89408414
89424378
89433476
89445926
89447365
89451216
89453450
89455261
89457906
89475939
89484548
89485481
89503017
89503425
89504120
89514316
89529424
89532072
89551645
89571084
89578116
89618931
89623496
89648690
89680838
89689996
89710321
89717144
89719386
89725268
89725802
89726753
89729356
89733371
89750204
89750216
89781416
89787966
89807689
89865965
89871840
89887948
89894761
89898757
89918964
89925864
89931225
89951376
89958119
89968888
89974035
89985882
89993905
90004622
90013267
90032790
90038924
90040005
90049809
90050443
90089358
90115586
90123258
90153253
90166580
90241330
90257156
90274891
90280041
90291481
90323413
90337550
90358255
90375298
90377950
90382001
90390584
90394878
90400758
90430672
90438858
90451175
90465859
90468621
90469502
90528333
90540987
90601098
90609227
90642107
90652276
90804828
90809267
90819094
90820218
90829818
90861629
90871629
90877238
90886172
90895144
90915132
90921045
90923168
90929340
90931682
90932347
90933498
90952745
90956091
90958903
90959703
90962562
90982862
90986184
91021684
91031326
91035212
91040961
91046360
91056521
91057416
91060434
91097991
91127673
91135067
91135847
91135896
91142762
91186238
91223606
91225863
91322064
91389573
91412419
91420440
91420887
91424840
91429225
91431246
91431306
91433616
91446913
91447106
91447966
91448410
91453498
91476266
91480988
91489275
91491431
91516416
91525676
91527425
91564650
91564713
91585629
91594003
91599710
91603474
91603926
91608821
91619690
91622240
91632977
91638438
91649950
91652439
91666281
91668093
91671439
91685762
91697720
91723715
91778200
91811438
91874157
91930110
91936741
91949334
91994164
92012896
92013766
92016290
92021939
92023429
92028785
92031682
92044373
92050778
92059860
92079283
92087654
92088724
92092686
92097574
92118619
92119427
92142827
92144786
92156017
92166239
92239607
92241739
92251594
92254787
92394849
92407398
92416850
92459022
92459825
92460443
92461618
92478176
92479029
92497954
92517298
92548474
92584709
92592438
92615325
92619922
92719475
92729036
92729673
92730530
92738311
92759293
92765579
92768076
92769668
92800823
92837143
92867413
92872132
92874127
92878725
92912705
92944048
92959673
92972835
92974664
92982009
92985189
93002991
93004901
93012093
93036352
93052526
93055647
93074194
93101693
93111524
93116717
93154480
93157926
93160839
93201998
93203072
93223208
93242220
93264326
93301458
93301930
93337327
93384772
93386926
93421288
93443011
93448539
93471618
93499653
93502219
93513197
93515236
93570629
93574810
93614192
93614946
93618946
93631441
93647365
93661174
93675472
93685539
93688357
93691763
93704240
93711927
93756801
93851416
93880711
93889596
93894133
93912754
93913028
93929640
93948473
93960718
93966122
93966585
93971182
93991822
93997746
93998036
94002557
94006094
94008864
94018878
94069997
94073906
94076581
94081669
94087762
94103453
94107135
94107610
94111672
94126126
94148851
94178498
94211519
94240176
94242781
94272343
94350562
94366521
94376989
94388200
94412623
94428424
94431013
94442529
94445751
94451813
94465839
94474500
94487071
94487891
94504944
94510574
94511049
94523598
94586135
94589389
94594158
94616267
94617882
94645136
94663479
94681588
94704582
94722232
94791824
94811171
94828495
94859835
94867670
94873522
94897336
94909755
94911143
94911836
94916101
94955588
94980429
94986147
95025606
95042058
95067301
95099728
95114582
95289053
95314239
95341292
95366406
95416289
95486274
95576111
95581640
95622840
95712468
95717700
95728742
95768616
95780286
95816036
95817508
95823752
95853225
95921445
95964007
95988060
96057818
96073209
96182985
96211760
96212723
96223546
96236435
96248102
96273383
96344213
96354762
96373054
96375522
96428651
96432472
96440947
96532381
96532915
96533510
96534181
96630361
96632380
96651537
96653536
96674961
96679016
96686253
96689952
96694316
96696289
96710045
96711297
96714425
96738802
96769695
96812886
96814420
96860480
96872115
96886262
96920048
96956264
97055320
97062683
97063788
97063856
97105133
97170705
97176496
97203863
97253889
97289067
97310752
97371155
97391448
97401280
97438006
97443320
97447584
97543802
97561015
97567616
97599456
97618075
97624381
97628533
97628775
97634862
97645245
97646248
97667294
97741084
97751355
97783034
97788350
98091377
98122295
98203502
98207190
98259371
98269618
98276548
98282034
98293563
98415787
98450474
98457753
98475595
98527962
98587885
98602733
98609085
98609524
98616267
98658338
98698076
98735821
98807490
98905734
98910868
98941333
98975746
98994216
98994473
98994484
98994813
98997191
99027104
99047567
99052062
99061794
99074597
99082154
99106234
99107433
99130653
99149102
99240976
99358341
99360047
99390089
99423844
99437349
99496304
99543090
99590319
99604801
99797275
99825971
99829312
99832188
99854531
99948783
99965548
99969844
100019645
100021236
100027708
100037835
100115553
100306111
100324960
100329207
100365319
100429234
100432261
100432607
100440696
100466434
100475413
100510974
100545342
100569000
100573015
100610837
100744184
100745045
100754983
100756951
100783079
100787620
100788435
100807554
100858654
100867364
100869855
100887221
100906575
100923348
100930713
100932912
100940335
101001827
101008042
101008527
101200209
101219438
101223295
101223852
101297961
101302058
101323069
101334826
101344897
101350531
101423024
101476504
101499840
101507157
101630309
101767598
101771783
101820398
101857836
101858332
101867938
101869213
101901435
101902643
101906337
101908003
101915710
101916558
101992397
101995512
102023483
102038707
102222691
102237748
102241841
102249517
102255264
102267383
102305737
102306748
102340029
102340578
102345932
102377772
102381994
102394699
102452760
102456004
102476621
102506731
102532983
102549386
102550693
102689893
102704645
102717516
102726258
102764089
102833160
102842819
102854402
102952118
102968086
102982030
102988105
102992166
102997881
103030235
103052070
103061597
103265461
103269091
103273203
103273829
103274108
103274348
103289452
103297426
103371869
103464219
103466880
103516797
103521686
103521818
103527412
103569476
103580120
103673509
103708967
103741795
103766287
103820652
103856244
103869168
103897747
103921667
103926375
103930438
103931605
103935148
103936730
103937089
103947379
103957021
103968697
103994696
104021056
104028419
104032284
104045398
104112761
104199328
104204047
104221774
104277016
104284030
104296426
104399135
104400106
104400477
104401478
104402527
104402875
104426128
104458136
104472333
104477865
104485545
104485797
104488450
104504509
104509688
104513772
104527713
104533579
104551311
104570953
104620127
104639125
104641563
104645389
104681385
104703720
104718450
104724170
104801860
104833530
104833646
104895078
104935477
104935767
104937305
104951816
104966497
104995103
104998815
104999152
105010527
105021348
105027619
105068883
105081368
105122172
105133917
105156986
105242489
105253695
105310250
105348398
105349404
105393797
105430762
105432352
105432859
105459043
105481135
105493487
105503111
105516050
105524640
105524954
105525579
105526024
105526295
105531624
105533503
105536071
105574300
105625835
105690985
105711177
105717253
105749515
105753041
105753248
105785496
105834488
105834646
106019317
106020688
106035920
106087013
106249623
106282469
106287006
106297887
106318900
106333192
106369460
106446733
106457673
106607840
106609105
106622689
106627276
106665612
106669678
106688479
106693383
106696126
106697883
106713283
106714479
106735705
106774268
106811086
106850463
106862495
106862742
106863810
106917204
106924482
106935990
106955037
107153325
107171074
107171785
107189701
107193207
107198162
107203931
107212362
107238567
107401431
107407609
107412188
107421639
107429631
107514494
107627034
107654832
107751249
107771344
107781576
107788159
107800323
107869925
107880927
107887402
107909884
107949248
107958919
107962261
107977163
107982737
108015377
108051039
108077608
108122184
108163750
108164997
108166129
108173335
108185405
108203190
108331021
108393221
108396016
108450805
108532719
108546523
108642057
108643266
108666540
108668188
108684512
108789732
108825142
108825606
108826536
108839743
108862647
108916839
108939220
108942994
108975219
108996360
108996479
109018608
109038615
109048871
109072901
109086572
109105356
109116279
109120285
109129008
109158669
109175136
109341762
109381416
109381737
109398010
109421209
109422848
109433465
109449337
109462406
109463230
109473271
109498449
109517034
109523297
109528091
109613162
109655272
109660769
109664980
109674130
109674841
109692074
109696378
109697488
109698816
109800141
109838361
109902398
109946027
109946424
109947319
109950198
110014354
110036217
110072785
110135540
110140193
110160212
110219324
110236104
110270335
110292195
110301510
110304445
110425052
110439026
110456549
110479992
110494490
110531235
110537911
110562310
110562551
110562780
110586966
110589690
110639169
110640159
110644686
110821144
110823858
110857492
110867373
110872069
110884421
110886008
110956692
110969145
110979815
111014450
111019109
111039077
111063809
111068243
111072374
111076309
111108737
111114773
111158400
111185574
111211783
111216272
111253731
111275352
111282644
111296146
111301898
111341317
111345973
111368778
111391420
111396973
111549446
111568593
111587376
111596351
111614443
111701013
111772300
111803179
111831813
111856919
111879969
111897985
111911724
111917103
111917519
111977493
112049683
112059338
112120456
112133227
112159451
112159608
112165510
112215649
112223246
112264028
112315161
112349186
112352732
112382601
112385525
112393922
112400454
112451787
112455808
112481697
112482337
112504966
112515507
112549015
112575338
112596728
112620322
112635363
112681218
112682627
112682838
112721199
112724317
112761782
112810054
112916029
112943759
112968908
112969094
112969452
112985367
113025890
113026160
113026427
113026739
113054935
113091979
113118078
113151470
113158503
113159864
113227260
113292110
113312864
113444161
113460532
113477676
113514490
113530365
113609862
113638579
113644917
113686333
113687428
113699676
113703046
113708756
113714626
113748670
113753320
113758500
113760829
113795528
113807317
113847620
113853490
113866648
113919890
114043550
114107297
114117104
114132751
114152927
114236293
114244717
114268686
114353391
114483407
114500859
114694249
114755788
114800735
114813579
114841314
114902278
114988936
114993711
115003070
115070612
115109489
115197542
115200635
115203951
115233074
115242152
115243454
115311923
115336238
115346861
115347607
115358150
115378247
115402672
115426056
115449738
115458905
115506791
115516028
115517876
115517985
115528208
115528841
115529041
115580412
115595489
115617046
115617921
115621276
115643556
115654638
115658848
115750265
115750886
115751059
115751186
115787972
115840746
115905654
115918789
115938061
115968158
115985235
116001092
116022929
116023743
116024091
116040117
116041505
116061439
116080112
116133597
116134666
116138129
116168037
116180775
116247638
116291099
116297022
116299927
116300787
116310727
116333643
116359232
116368834
116369099
116477192
116481699
116483206
116545512
116632291
116633552
116728649
116736216
116809827
116824955
116848271
116852607
116950136
117063456
117081794
117096588
117096665
117096715
117106326
117145997
117146985
117240065
117252749
117277428
117277620
117317901
117323444
117378028
117391711
117404146
117410047
117466452
117593690
117616448
117627289
117649982
117665760
117768573
117775226
117825879
117832139
117895308
117957185
117957562
117981889
117981923
118070195
118070813
118153711
118155487
118215195
118284833
118342132
118372608
118386552
118391248
118413840
118422772
118423176
118430421
118439363
118459695
118481668
118556261
118556924
118664549
118677668
118769361
118771590
118800939
118933342
118962373
118964119
118972279
118979091
118995177
118998562
119007048
119007474
119010142
119054379
119087447
119161900
119165562
119193707
119235097
119249494
119256282
119257622
119260176
119260214
119275965
119294256
119300019
119300115
119300534
119304516
119304640
119314421
119339300
119382120
119452077
119465111
119477714
119490546
119500542
119507904
119536249
119541821
119691054
119691575
119771872
119772528
119780869
119839128
119844400
119887262
119887278
119895567
119948615
119976405
120058280
120072146
120079548
120082631
120085163
120085358
120122542
120122764
120123118
120125739
120151946
120185591
120217094
120230124
120230205
120230488
120230786
120230858
120234307
120235812
120248297
120291420
120359024
120370565
120399274
120403635
120471260
120471372
120480765
120509550
120562510
120609086
120610746
120704180
120725367
120773389
120774256
120775804
120787527
120817900
120833961
120846029
120847417
120847620
120849498
120866257
120880516
120895493
120902775
120906480
120907839
120930911
120935172
120973481
121011817
121045527
121093980
121099497
121121631
121128375
121145680
121155194
121164608
121192824
121195264
121206840
121224275
121232233
121242300
121261286
121272059
121298277
121317017
121341979
121355151
121532923
121555654
121558993
121565684
121585734
121600055
121644484
121659210
121659229
121660175
121696676
121732570
121751080
121830601
121842767
121868697
121873693
121888300
121897494
121905786
121914573
121934672
121957058
121996641
121996763
122200314
122203511
122218359
122273484
122368524
122430256
122447180
122479162
122518804
122541390
122592726
122633314
122680427
122706608
122742635
122792732
122795390
122829971
122908061
122941388
122969690
122974682
123011539
123016090
123023179
123087552
123191738
123192648
123192763
123192852
123218224
123233200
123253433
123274760
123279475
123279516
123298442
123303598
123309541
123317846
123403037
123424342
123429461
123443187
123455167
123628757
123655746
124021614
124023719
124026882
124148971
124322517
124456911
124460739
124462209
124475253
124480832
124486408
124539291
124555260
124558382
124576803
124605035
124640959
124650980
124725356
124845373
124892911
124903829
124995844
125285504
125327365
125341503
125389942
125401003
125434699
125558207
125579710
125582542
125623218
125627061
125627941
125671029
125671048
125678924
125679542
125681616
125694249
125746826
125747861
125757285
125762423
125866883
125866941
125909419
125913220
126013881
126046667
126046988
126047486
126092835
126133411
126141618
126141914
126142099
126158534
126160689
126163868
126176353
126208569
126210558
126273169
126314873
126336236
126339142
126393028
126445992
126452029
126468197
126476580
126522050
126560825
126585757
126590208
126590859
126598882
126610781
126611228
126612799
126623186
126627202
126628425
126630553
126632786
126638042
126640696
126688858
126689459
126692467
126692563
126699228
126705325
126834258
126868832
126893762
126911865
126915338
126918083
126920325
126922053
126941722
126947610
126953702
126973335
126977499
126977650
126981254
126990496
126993675
126995130
127000299
127033995
127039678
127055962
127065014
127084928
127088301
127108766
127121358
127130301
127163589
127172551
127176085
127182641
127211055
127239037
127318272
127338323
127350855
127376873
127410762
127411723
127426944
127427316
127438160
127452560
127487914
127501691
127517635
127527321
127528699
127533579
127583606
127602524
127617344
127665658
127711831
127713768
127783112
127788930
127814578
127817296
127831785
127876564
127900146
127900629
127914626
127921603
127940275
127952486
127953272
127959638
127986940
127998454
128000450
128000640
128001063
128020875
128028721
128030347
128038913
128055593
128056380
128113748
128173149
128203411
128225402
128231273
128262730
128296884
128374189
128393514
128394216
128397302
128427383
128428022
128435946
128443275
128468403
128470219
128485627
128503653
128503993
128514226
128514334
128548557
128566123
128608215
128614067
128618993
128638419
128645977
128647356
128674195
128680638
128681794
128683024
128684547
128696672
128699699
128714286
128718074
128758633
128768417
128818401
128826537
128844088
128847222
128850489
128858157
128883910
128903323
128914799
129059459
129064530
129141063
129147374
129170033
129174471
129175440
129184107
129201428
129222762
129226838
129229874
129263985
129264619
129281624
129303473
129328944
129331299
129339772
129415826
129416677
129510533
129534293
129542858
129553390
129564148
129566707
129567357
129610817
129612612
129617671
129622574
129626645
129656467
129681500
129685675
129686243
129690241
129696181
129700668
129704968
129711204
129748718
129785473
129810846
129852800
129898703
130007690
130110536
130132916
130133005
130137733
130148831
130149029
130182691
130198212
130206421
130247412
130260853
130262606
130298187
130299939
130330186
130337560
130369411
130392623
130448732
130462269
130462396
130469881
130473503
130475576
130477297
130477658
130481142
130501259
130517583
130517871
130534451
130535295
130583731
130596798
130627722
130629187
130656110
130723445
130784497
130812026
130876877
130897735
130906931
130907147
130921051
130949695
130959260
130961349
130970027
130976150
130990561
131026966
131028497
131041921
131059012
131073026
131098341
131142792
131149706
131162842
131173078
131201945
131225306
131226069
131262569
131343899
131439347
131442210
131445127
131456270
131462005
131467131
131490200
131501433
131544120
131552109
131555709
131567262
131586824
131593118
131639556
131652549
131683828
131704636
131705482
131707679
131710934
131711254
131711827
131716677
131716896
131716975
131786178
131841030
131896150
131901991
131911792
131915285
131960548
131964599
131994026
131994551
132012572
132024031
132045615
132089563
132089906
132098166
132109540
132115270
132138897
132168819
132174713
132178590
132182370
132208176
132257999
132266324
132338865
132356956
132364067
132365803
132389077
132441755
132501694
132501892
132506159
132516005
132545499
132563501
132565532
132627299
132638376
132659331
132672254
132680823
132691521
132705344
132742753
132758217
132773856
132789678
132793602
132817539
132821456
132825226
132826906
132834401
132844620
132898472
132898992
132996707
133030032
133035186
133051876
133057960
133103695
133125705
133150141
133151333
133177846
133178516
133196279
133199463
133214047
133214929
133236740
133256536
133260144
133289452
133325797
133330592
133343480
133569049
133576263
133581917
133596754
133597494
133614568
133617192
133623007
133625451
133628171
133628456
133646933
133648795
133662245
133663263
133668395
133679014
133684428
133710264
133733549
133737089
133740606
133766628
133813394
133816981
133823900
133861899
133881081
133884842
133949552
133956431
133966421
134022457
134028301
134040235
134050076
134081770
134083052
134111024
134113596
134114729
134114899
134142474
134150913
134163893
134164356
134164764
134181201
134191164
134192678
134193065
134222520
134241676
134251168
134251571
134254890
134255297
134262158
134262680
134282943
134307710
134308511
134311447
134318528
134324268
134332920
134333260
134352593
134364398
134365564
134376534
134378791
134385822
134385979
134399396
134405675
134456722
134521880
134525568
134616073
134624438
134624703
134642104
134642555
134664868
134665632
134671672
134691822
134698658
134701424
134727829
134735959
134742988
134745004
134749247
134752398
134752913
134772754
134775507
134810983
134812564
134837272
134869249
134872452
134896180
134905895
134912510
134926893
134961230
134987933
134999272
135000086
135006614
135027617
135039189
135123948
135229520
135242177
135243970
135275610
135281869
135290302
135311472
135320153
135325807
135346689
135371656
135378292
135389370
135391605
135394349
135446679
135451138
135454905
135469792
135485744
135501055
135502007
135514194
135525958
135609935
135678958
135696306
135697409
135697703
135729353
135756999
135787771
135806777
135812685
135830676
135834068
135840747
135843863
135878218
135892645
135913118
135917971
135925942
135951786
135982960
135992049
136177233
136178536
136232854
136244957
136270850
136272038
136281561
136287675
136291563
136292214
136326400
136340553
136341975
136378717
136385360
136434322
136467444
136474644
136543412
136575343
136645063
136686940
136715784
136773527
136802886
136851335
136943146
137009550
137085263
137127633
137206458
137242065
137247083
137247250
137295168
137354168
137359347
137372899
137381515
137398864
137399512
137399690
137448053
137463272
137464106
137516229
137606654
137613441
137720547
137740257
137755520
137756460
137829890
137831130
137852027
137853981
137862991
137877524
137880181
137889164
137894582
137907639
137959843
137994132
137996718
138088777
138180408
138199820
138209040
138246041
138293988
138294765
138315630
138316735
138323494
138323596
138325775
138326063
138335444
138336301
138384866
138400134
138423260
138450907
138480690
138484191
138490806
138495322
138505406
138542746
138550682
138566423
138571873
138576518
138585964
138594660
138635352
138651394
138677790
138678365
138785014
138819844
138838517
138855894
138901987
138904190
138906235
138949383
138953362
138958091
138983924
138994568
138998726
139010363
139012012
139031008
139031359
139042855
139046923
139060352
139081451
139087414
139089473
139089730
139095872
139113605
139116072
139148609
139151282
139155084
139454696
139490369
139515453
139566418
139567679
139605689
139608751
139610509
139618113
139622980
139630238
139646766
139670179
139673882
139675437
139683216
139700982
139702299
139715467
139732517
139745179
139753418
139757363
139788917
139815268
139840773
139914012
139947109
139947342
139953564
139991813
139993936
140042127
140060647
140122153
140131484
140132865
140156323
140160413
140174861
140191803
140208756
140232235
140286790
140324740
140341281
140347608
140389114
140411939
140428301
140429937
140450608
140451552
140456393
140473871
140490446
140553212
140565483
140608274
140687152
140687275
140693479
140714002
140726820
140742339
140746089
140760352
140841240
140844929
140863621
140877834
140917629
140971296
140974770
140982407
141087947
141095349
141151927
141201579
141208809
141274670
141354110
141360766
141407127
141427980
141430746
141462615
141470229
141493524
141498761
141529242
141562183
141603153
141619028
141634829
141637970
141637980
141657637
141673537
141674211
141692733
141701196
141706320
141706885
141774020
141786705
141786743
141857106
141862123
141891682
141909968
141919605
141920972
141924701
141959797
141977590
141996860
142040829
142055609
142073210
142073487
142074005
142074782
142075470
142075841
142099515
142110001
142121632
142136529
142146987
142151563
142151893
142153475
142159098
142159996
142161410
142166699
142170377
142225927
142354527
142382384
142453479
142479330
142492515
142495307
142502528
142504860
142532196
142559445
142559985
142568360
142604453
142620259
142642484
142651314
142685468
142686440
142694016
142695874
142716281
142718146
142723320
142790862
142791965
142795115
142796069
142812589
142931077
143069254
143107383
143113218
143169553
143172324
143214329
143219623
143226605
143261390
143265778
143277268
143339083
143373153
143440699
143472134
143507983
143510220
143510226
143512780
143517198
143603344
143613902
143626537
143632154
143635469
143722341
143747441
143748108
143748429
143748767
143749587
143751450
143756830
143774721
143781861
143790648
143819891
143826551
143860144
143971945
143973298
143980349
144008017
144135103
144228562
144237046
144240250
144247775
144288070
144313521
144319921
144341193
144343317
144352196
144361962
144386632
144405281
144409526
144419885
144427101
144444818
144446182
144446501
144468261
144532050
144532798
144576060
144691345
144718831
144719474
144739077
144771651
144773932
144781976
144798138
144802805
144809894
144816740
144822016
144868631
144880816
144896838
144926974
144940552
144958987
144997690
145011750
145012582
145014196
145046243
145078259
145084594
145095631
145101453
145155140
145170848
145226386
145233169
145234000
145235654
145236252
145304358
145308633
145311635
145355919
145394011
145395836
145397901
145432728
145438573
145438728
145443185
145471087
145484694
145485948
145554184
145566701
145567694
145653162
145721854
145750932
145765615
145776079
145776190
145776281
145776355
145796527
145832765
145835514
145877372
145900218
145910911
145911929
145916366
145923208
145930783
145931738
145936140
145971743
145986185
145987943
145988857
145991462
146035944
146152533
146181126
146187527
146193522
146198939
146211979
146212647
146243529
146244722
146247320
146249638
146293439
146302141
146326027
146375815
146459830
146468148
146481817
146503460
146503718
146593149
146627404
146634878
146636001
146636771
146637162
146637498
146667027
146672842
146685358
146730656
146737510
146743057
146746818
146792032
146808977
146813017
146819538
146845576
146854647
146854902
146941794
146960435
146976880
146977385
147006432
147012468
147033472
147043048
147047539
147072447
147081424
147108124
147136897
147140741
147197720
147225243
147244731
147251918
147252569
147272888
147358732
147391208
147412201
147425792
147456301
147456567
147469941
147481359
147601969
147619891
147702871
147703248
147728752
147759513
147761031
147786546
147793390
147815569
147842194
147869596
147873249
147875078
147877299
147903220
147906270
147912022
147926956
147931051
147931342
148019514
148070241
148074538
148085267
148097945
148191131
148203785
148222568
148237817
148247521
148255123
148256566
148257469
148261444
148304781
148321664
148340876
148341550
148409096
148478804
148548179
148549314
148549876
148623178
148627512
148634475
148638231
148643351
148686856
148704285
148753239
148758616
148766798
148767245
148796174
148824558
148979251
149001185
149016418
149018277
149022466
149068039
149068361
149083633
149123512
149133311
149144094
149186273
149273325
149273850
149275433
149276894
149277125
149277167
149277216
149306670
149308620
149310984
149319940
149369976
149373133
149379450
149396346
149397124
149406719
149439578
149458535
149461898
149496072
149509426
149509457
149536148
149639846
149655079
149674398
149679264
149685803
149686280
149701679
149733405
149734378
149747490
149749578
149768070
149793240
149818252
149819703
149863174
149912485
149949126
149959017
149966283
149966537
149968944
150034054
150102503
150123486
150140276
150141145
150147536
150147691
150149873
150154739
150164779
150165852
150176094
150185264
150196586
150216111
150264893
150265097
150269592
150280749
150316569
150318194
150354498
150360822
150366856
150444631
150452079
150472975
150496216
150497525
150525999
150526740
150543628
150546935
150556326
150580598
150591002
150607286
150612074
150614794
150616465
150652440
150673689
150727658
150748879
150769190
150787145
150789494
150808818
150831336
150841949
150843515
150895478
150899832
150909869
150911398
150960635
151032976
151063551
151065017
151070622
151072708
151143766
151152608
151160877
151172864
151176866
151259641
151265469
151294698
151294760
151295931
151295943
151296456
151297426
151393386
151413082
151466144
151526464
151645508
151649508
151680155
151708728
151730521
151765880
151774272
151786114
151845975
151931861
151937113
151958483
151965471
151967825
152008728
152062380
152118717
152178752
152216537
152236079
152265104
152271850
152281958
152317116
152458475
152463379
152517999
152526050
152569240
152573665
152577211
152594447
152604095
152613101
152649732
152696443
152701517
152705268
152734992
152739120
152744501
152749587
152768219
152788127
152798575
152813199
152828366
152864014
152870485
152902323
152936033
152941001
152948950
152949424
152951454
152951636
152952197
152978877
152979872
152997745
153052164
153076456
153084841
153106732
153109585
153121299
153122239
153134006
153136626
153143006
153157845
153180599
153198689
153224037
153234342
153288807
153299679
153299956
153302492
153306477
153328566
153329752
153334767
153341238
153345043
153348631
153350155
153352523
153353016
153377830
153390444
153392256
153402949
153435130
153436807
153468877
153477587
153491809
153519804
153521074
153545270
153586801
153607216
153620687
153630929
153639361
153648957
153673464
153709070
153710354
153721138
153722059
153722975
153723975
153770879
153784934
153788197
153807509
153817010
153822355
153826287
153827549
153861128
153884216
153914768
153936415
153977702
154004742
154029795
154036672
154038067
154048094
154053056
154053131
154055996
154059110
154060138
154071707
154071756
154079895
154090011
154095781
154097562
154127675
154134690
154154931
154157462
154158008
154185674
154226625
154233388
154246954
154254607
154268254
154279252
154363525
154411805
154422718
154428003
154428325
154432311
154452180
154460419
154477463
154496325
154498902
154508025
154509104
154510568
154532673
154562773
154569693
154571025
154577276
154580190
154596351
154600008
154619473
154631079
154634676
154645537
154648508
154656117
154661224
154666118
154689239
154690135
154720775
154721758
154738801
154739764
154743753
154786819
154790780
154791561
154801112
154803540
154809844
154831101
154832811
154843913
154844518
154849384
154854024
154869237
154889850
154908019
154911622
154922468
154936027
154960639
154969584
154979545
155021111
155026406
155029043
155041871
155051443
155058294
155091929
155125732
155129233
155171842
155176322
155209325
155209713
155212374
155225683
155237407
155263294
155270868
155277841
155279039
155290395
155292958
155295555
155306711
155320009
155324747
155332436
155349819
155351430
155356299
155369855
155372160
155376128
155381989
155399223
155418323
155444299
155457588
155538086
155539926
155548663
155548707
155551827
155557264
155557276
155563644
155565353
155571674
155571698
155571778
155604732
155607115
155609693
155609756
155611721
155612557
155623703
155626109
155627207
155635130
155652617
155665208
155679159
155684150
155688370
155738420
155771425
155782994
155793301
155795744
155804836
155818722
155830112
155886531
155943242
155957472
155968172
155971655
155972187
155973672
155977297
155978213
156011069
156021715
156072856
156076523
156078744
156085508
156091804
156102046
156102796
156107538
156112125
156136054
156136841
156150378
156152577
156154365
156171057
156171730
156187995
156194350
156252720
156253228
156274388
156274924
156277385
156284074
156298300
156303578
156334014
156342053
156364288
156392365
156402284
156402491
156402891
156413871
156414981
156420571
156443763
156458569
156459789
156461655
156470622
156498147
156502055
156512414
156512816
156534802
156538734
156546829
156558620
156559588
156560283
156561877
156566819
156573746
156579236
156582144
156585270
156609029
156617129
156619245
156636466
156637301
156644763
156656989
156667893
156686518
156693872
156716617
156739471
156752930
156768059
156768519
156771718
156775750
156787288
156800019
156807632
156808983
156810000
156826642
156840914
156845066
156846685
156854607
156869611
156871965
156897318
156911640
156913641
156914256
156915454
156916695
156919113
156959829
156972118
156977828
156979081
157019905
157024110
157043235
157049934
157071497
157079176
157082348
157123531
157144819
157194047
157197942
157218339
157224245
157234817
157239264
157256950
157266074
157297649
157303575
157304342
157305141
157309380
157313243
157341141
157353629
157357059
157359266
157359691
157360754
157362003
157375500
157378810
157382624
157415440
157419677
157438460
157481158
157499447
157516352
157521360
157531819
157546943
157558416
157561227
157571975
157573285
157577728
157581001
157582299
157583003
157583518
157632008
157655169
157664787
157673246
157680765
157680831
157692690
157714864
157735476
157736012
157736298
157740458
157745203
157753517
157784456
157784548
157806380
157843708
157844118
157853877
157860594
157861136
157861873
157865093
157874378
157884139
157899270
157910900
157911622
157930627
157937515
157939634
157943023
157953120
157956061
157970561
157970790
157975290
157980625
157994166
157997841
158002526
158016208
158017769
158023756
158040143
158050681
158057236
158061816
158074465
158083735
158099433
158104882
158105685
158125893
158160709
158174696
158189787
158212186
158213132
158213351
158235000
158236013
158236878
158254008
158277316
158294625
158309506
158315828
158333662
158347806
158347887
158348248
158375084
158376686
158377990
158383058
158386531
158392026
158392230
158399486
158401789
158434590
158442191
158458347
158490472
158494247
158494551
158522219
158536310
158539877
158542686
158544541
158547945
158554066
158555269
158565689
158566966
158567481
158586728
158594790
158619058
158634351
158642495
158663365
158693727
158711393
158713848
158716224
158721931
158727488
158727986
158738457
158741021
158742346
158757653
158757951
158766372
158808413
158818406
158839903
158844265
158844343
158859118
158881649
158910488
158911821
158915626
158975520
159018621
159048730
159071760
159076373
159078699
159082842
159114469
159114829
159116652
159118521
159126929
159145958
159146637
159190699
159227468
159248069
159272302
159301536
159342223
159375413
159384158
159441850
159442164
159463868
159470614
159472931
159519268
159643649
159646534
159650030
159679064
159704059
159714078
159714339
159715545
159716117
159742130
159756197
159758752
159759024
159759297
159826890
159829502
159832411
159843976
159846370
159880843
159900634
159901231
159920367
159924415
159947041
159954531
159960966
159963327
159975338
159980099
160010013
160012332
160028664
160030590
160032757
160046457
160052840
160066503
160066965
160068866
160082952
160085816
160107263
160129549
160145128
160159757
160190381
160231223
160238162
160251688
160307493
160313661
160316392
160320170
160329413
160331396
160351401
160367858
160368934
160383888
160404365
160404380
160410702
160432379
160443887
160465179
160472040
160506386
160507334
160531364
160531700
160555083
160566592
160581352
160594790
160599275
160600125
160601735
160615344
160624952
160629972
160665857
160694623
160737328
160760277
160774412
160783567
160790047
160793801
160795579
160812139
160820625
160821204
160830357
160845976
160847182
160867520
160869462
160877048
160878224
160920051
160925103
161036647
161036782
161046816
161059056
161064718
161072988
161076542
161076838
161087588
161112133
161117253
161117417
161117624
161135786
161146595
161150753
161153998
161191424
161198079
161201806
161211146
161252089
161257655
161291702
161313036
161332623
161427759
161429256
161429381
161447627
161483192
161485091
161502632
161512483
161518850
161525992
161527832
161536208
161536624
161538286
161542362
161544797
161547243
161550229
161563434
161584885
161589367
161592494
161593168
161593811
161597528
161608299
161635408
161636563
161652043
161659956
161681718
161683593
161719070
161724054
161733166
161733187
161768696
161783790
161784553
161838399
161864573
161867321
161872817
161886787
161889056
161930080
161942664
161953923
161993073
162006201
162031162
162049962
162064400
162070410
162082281
162129692
162130256
162219130
162235199
162242427
162260072
162263621
162266147
162276417
162277526
162296119
162296254
162298265
162303666
162316195
162349862
162361716
162362954
162373036
162379575
162405336
162407308
162467605
162495228
162627505
162635664
162640746
162648398
162653856
162654535
162658111
162660634
162703528
162705247
162706444
162714485
162722321
162728986
162739753
162740107
162748442
162750780
162751291
162753198
162763760
162780806
162781452
162784575
162799185
162814045
162822514
162829856
162840808
162858024
162896716
162899781
162900288
162900319
162915357
162942032
162978951
163015389
163030975
163043933
163044348
163051399
163057159
163068669
163081568
163090870
163098277
163126794
163130003
163161178
163171077
163235419
163243951
163250682
163277957
163286884
163325085
163401454
163413494
163423439
163430894
163442834
163461832
163464547
163467359
163476987
163500368
163505359
163505616
163510963
163526212
163533097
163534527
163541377
163541809
163547230
163585852
163586349
163586804
163586902
163589417
163591806
163620219
163624160
163665426
163692901
163702353
163707609
163718769
163739010
163746188
163774625
163777490
163783829
163791953
163795884
163803958
163804905
163808459
163835887
163839160
163848709
163855153
163861986
163880959
163892260
163901219
163901333
163910154
163913899
163943480
163960573
164015188
164046641
164141092
164141605
164159387
164186132
164188565
164188706
164191550
164215674
164222680
164241878
164253473
164260493
164265898
164270731
164287810
164313039
164314184
164326891
164328586
164342388
164344846
164376594
164380856
164383365
164401356
164407723
164414968
164463465
164466519
164468564
164477780
164482951
164491908
164511442
164538025
164561312
164562175
164571310
164577051
164588926
164596048
164596333
164598045
164599486
164608323
164628567
164664612
164664726
164665639
164673851
164674578
164711393
164721164
164723357
164739604
164756459
164779664
164807030
164829254
164845978
164870764
164895473
164901395
164903889
164918004
164922024
164922997
164939495
164958851
164965803
164966682
164978700
164983769
164999525
165021018
165022007
165046854
165052363
165073571
165103927
165123784
165147798
165172034
165172487
165206694
165231386
165249592
165266046
165267335
165282077
165292710
165294683
165295307
165317032
165338471
165347492
165389145
165392060
165397773
165445174
165474761
165479490
165492206
165532956
165537817
165565443
165577670
165602494
165602968
165604008
165604794
165627235
165656826
165677174
165677821
165680167
165689778
165692032
165715525
165738245
165742519
165774196
165791725
165792521
165806724
165838583
165843033
165852081
165887757
165935964
165949022
165963525
165963593
165964766
165994800
165995063
166005063
166017736
166030470
166064351
166067126
166076874
166096951
166113207
166137554
166138892
166169827
166171611
166172862
166178063
166179904
166182562
166183260
166184430
166184431
166184574
166189664
166194910
166205283
166243069
166261182
166264481
166265760
166272602
166286515
166317714
166350025
166421986
166431175
166447488
166451130
166457989
166458238
166466051
166468061
166475067
166500064
166541685
166689399
166705819
166783441
166798866
166800802
166830276
166921949
166965531
166965816
166966184
167004142
167032992
167035900
167041680
167079875
167089683
167119778
167273757
167310087
167316941
167332256
167357552
167363719
167404866
167409898
167418608
167422790
167452416
167466988
167477224
167510092
167522048
167530416
167583987
167588424
167649591
167666615
167695924
167696094
167704424
167726694
167731123
167739253
167748777
167752702
167761428
167765138
167767160
167771571
167790700
167795281
167804229
167868071
167869291
167878879
167900045
167920659
167925879
167932194
167944026
167965529
167984924
167997930
168024465
168056512
168076847
168101069
168101192
168101295
168101427
168132232
168172789
168182968
168193891
168201628
168279969
168308748
168331452
168389649
168397212
168416806
168431030
168438931
168440919
168468592
168469020
168471558
168476544
168485103
168486433
168500419
168513762
168514184
168541523
168546220
168576422
168599333
168634607
168680455
168697341
168706935
168718263
168728780
168730259
168730415
168731874
168736160
168753932
168768456
168771051
168772823
168794180
168805981
168855048
168882802
168919044
168971695
168994080
168998016
169000769
169018941
169053533
169053751
169053936
169054091
169104961
169208981
169230939
169257126
169278014
169282826
169285727
169293032
169294047
169328657
169329542
169330353
169330765
169331460
169332525
169333317
169346717
169385290
169464169
169480818
169500974
169540991
169545080
169556960
169557132
169558523
169585410
169586849
169599922
169600373
169677861
169697492
169697929
169723340
169731848
169776818
169777742
169797630
169809377
169813683
169824935
169863327
169866521
169878574
169983419
169997202
169998142
170011265
170012146
170048118
170049038
170062850
170097873
170166798
170187308
170210320
170222064
170231728
170300467
170318125
170346258
170347446
170366340
170395780
170427674
170457280
170468100
170498350
170498361
170499044
170499062
170499086
170509365
170527526
170558116
170584347
170586325
170625494
170626133
170630881
170638052
170640036
170643354
170677417
170683272
170700086
170701055
170718098
170757597
170758058
170758501
170787506
170825126
170838825
170884129
170893483
170895890
170901479
170917820
170935535
171001879
171011595
171012700
171040561
171046706
171066350
171148843
171169835
171171602
171192260
171197669
171219306
171232333
171244154
171252800
171254535
171310558
171319303
171426158
171446558
171447569
171452352
171464186
171474965
171501828
171646056
171686422
171751266
171760749
171792925
171797033
171797059
171820512
171839924
171841632
171862590
171874988
171890192
171968278
171974264
172007425
172105276
172155500