20895586
43115217
43687298
49403234
49450803
51321409
54168359
54980358
55819235
60440137
60623035
64982564
66016636
67669986
70432083
71592920
76914613
78542385
79528730
80036542
80061316
80075142
80271620
80276477
80300152
80311277
80344457
80394864
80436215
80510050
80513370
80539415
80547988
80623449
80694896
80784222
80796941
80805938
80824252
80825984
80854030
80905943
80937132
80979094
81031931
81160053
81236452
81268327
81282919
81287087
81308145
81309360
81309858
81356133
81373918
81399060
81476280
81478172
81557576
81571158
81600489
81743704
81747768
81748340
81773877
81824936
81888013
81898394
81929186
81958288
81968454
81981481
81982772
81984633
82019162
82146416
82148077
82284309
82293884
82305392
82311984
82425263
82468562
82525583
82581433
82777446
82784075
82784645
82789838
82804797
82806340
82841247
82853848
82923905
82964080
82965666
82988578
83039828
83140086
83155771
83156917
83223129
83223258
83328272
83341649
83345980
83350366
83361323
83363360
83431835
83458773
83467114
83479433
83481266
83533811
83610814
83747306
83754631
83775481
83800403
83817277
83823659
83890605
83974291
83996391
84031787
84139653
84172399
84179441
84188207
84291988
84302260
84312229
84318979
84339060
84411306
84610234
84685002
84761232
84803323
84808352
84848351
84904107
84926246
84930919
85002888
85017619
85018975
85067851
85077217
85145368
85270342
85288061
85337409
85346267
85413437
85442744
85465098
85542660
85544924
85558317
85584656
85644154
85656890
85724023
85851227
85851655
85923983
85951932
85985280
86004551
86035077
86043351
86060446
86120870
86129184
86131623
86208597
86221093
86284368
86287112
86341305
86362849
86417986
86470394
86471511
86536023
86543786
86577938
86579776
86590672
86655646
86658891
86662062
86669166
86691106
86703198
86711022
86822656
86823387
86905361
86945605
86988864
86995171
87057883
87073650
87180643
87187035
87195840
87200710
87202568
87221266
87225810
87229131
87250711
87306618
87387714
87420077
87453628
87493090
87587799
87648788
87671356
87695223
87716763
87737660
87742614
87769254
87774634
87790861
87799686
87805966
88004460
88005205
88005951
88009476
88116126
88172441
88237839
88243284
88251651
88267659
88298687
88320399
88383858
88390424
88402971
88434926
88536045
88597172
88618546
88621470
88622733
88669031
88698826
88717708
88720459
88757509
88767557
88773333
88784955
88792867
88813412
88817208
88858995
88861200
88865681
88886354
88910670
88912333
88979451
89099107
89100836
89118661
89132680
89200207
89226265
89269497
89275869
89279958
89290212
89303766
89358366
89368646
89416559
89448388
89457295
89532465
89578220
89632114
89637401
89646936
89675674
89729741
89789115
89806796
89824517
89838685
89872164
89918662
89962583
90012625
90013474
90038737
90075438
90234737
90241577
90252695
90282626
90315213
90359184
90371249
90372406
90374037
90378159
90384754
90394339
90435318
90437983
90488698
90552489
90585078
90607325
90632382
90643522
90823272
90848703
90881457
90941916
90986894
90993476
91013787
91028317
91036032
91077206
91088633
91113119
91125009
91139847
91177942
91201872
91218024
91221799
91312799
91331362
91395839
91415498
91490910
91530283
91560904
91564438
91582118
91584759
91628016
91639752
91660520
91758021
91780707
91802690
91962935
92001215
92077157
92080172
92083399
92135246
92165707
92166113
92186231
92240011
92286341
92309042
92406727
92429478
92450116
92465388
92478717
92536642
92538492
92543293
92599098
92612695
92619778
92627737
92680578
92740945
92761752
92778797
92843368
92944347
93011135
93014758
93046517
93081849
93141496
93209008
93232555
93237853
93255227
93393471
93474190
93480014
93492715
93507430
93513624
93515924
93526773
93531690
93534137
93550528
93558287
93612689
93645888
93658939
93659377
93667695
93675919
93678615
93682995
93686706
93706746
93739636
93739951
93747094
93827898
93831251
93861764
93868778
93897406
93899041
93908210
94011505
94095392
94118311
94146235
94148645
94156091
94233045
94293365
94299643
94351328
94407569
94408775
94409461
94420021
94421807
94430892
94469819
94511009
94512477
94519609
94522725
94524634
94529243
94535890
94558432
94590473
94592450
94621013
94621089
94621188
94621338
94621529
94631424
94751584
94759240
94775171
94806565
94809242
94821269
94833070
94836035
94848399
94897680
94918620
94966665
94975312
95037421
95056246
95084349
95107127
95139414
95284296
95314963
95318806
95377152
95418036
95429374
95433030
95437442
95519564
95531521
95672553
95723542
95724745
95724893
95732471
95788379
95843805
95873153
95909392
95915410
95960007
95963892
95991276
96005481
96043435
96074353
96081578
96084450
96089692
96182245
96208712
96221076
96246987
96296889
96298454
96298671
96300080
96322871
96326168
96359012
96379844
96381508
96382132
96385919
96604101
96738057
96780021
96789463
96829253
96858062
96859700
96865623
97007580
97007918
97009609
97059761
97117744
97119195
97168673
97195526
97232521
97283144
97347019
97365293
97381245
97403895
97613741
97631623
97692079
97725942
97741392
97755170
97860960
97950946
97952303
97968231
97970132
97971326
97972006
98048036
98070605
98076696
98088323
98227746
98266912
98275235
98530040
98545528
98622197
98758851
98923256
98930500
98934555
98972300
99041286
99048026
99048945
99053422
99053733
99055072
99055226
99055426
99055526
99076986
99104904
99147666
99177266
99235183
99332061
99370017
99388214
99411312
99531496
99536282
99683998
99685951
99796232
99798165
99824876
99873121
99889726
100014555
100026564
100040808
100170110
100310536
100354961
100362965
100365618
100366321
100372348
100389625
100426211
100443816
100473761
100480268
100499044
100514853
100779453
100813819
100818062
100832122
100834904
100881751
100920041
100929414
100931006
100935847
101080175
101285981
101316752
101378191
101426497
101459970
101461728
101505042
101569898
101578527
101582799
101640719
101767668
101835387
101864462
101881052
101973433
101976691
101985663
102036054
102036643
102077875
102182601
102248105
102253765
102296148
102356583
102402917
102410347
102473966
102532924
102624109
102718525
102718664
102912301
102919815
102948152
102990927
102993990
103077051
103175478
103290821
103386609
103399567
103433611
103434065
103457040
103470067
103557335
103569800
103612406
103707748
103859831
103869301
103874839
103893851
103966882
104021281
104022546
104064974
104145470
104165211
104256990
104287509
104383974
104404146
104426190
104470453
104532073
104553969
104555673
104590223
104616191
104626064
104755023
104763799
104788160
104868906
104881889
104891337
104918189
104940625
104946196
104956515
105020537
105108011
105109195
105123606
105157803
105179808
105188549
105190662
105272880
105451097
105452044
105503841
105552965
105559096
105594248
105619077
105714649
105741164
105956758
105961425
105976673
106086144
106090602
106136068
106140424
106155311
106193988
106261474
106352591
106352713
106352795
106353337
106406141
106406507
106420584
106504737
106511119
106756725
106809734
106921418
106922518
106922564
106934070
107012025
107030781
107153055
107170843
107229443
107256014
107313840
107337597
107407231
107440247
107448960
107486291
107489081
107495920
107549609
107720710
107720774
107772626
107774287
107806461
107826790
107864575
107899177
107974279
107994673
108034511
108045820
108048041
108106239
108248618
108279442
108279788
108284719
108340227
108386407
108390242
108399151
108463434
108488286
108499738
108515927
108551162
108572500
108598116
108620734
108706164
108742265
108853089
108856285
108878157
108921339
108949907
108962699
109036005
109142176
109364708
109387869
109462157
109462607
109498752
109630222
109636233
109788893
109815091
109928566
110016666
110063203
110152814
110203433
110263729
110267940
110537858
110557086
110635806
110932296
111074131
111165669
111305270
111461430
111568071
111569753
111576195
111596006
111600362
111637436
111713330
111736222
111739165
111753068
111872444
111888629
111925906
112089679
112167727
112175060
112289102
112300080
112313347
112371965
112487896
112693240
112760798
112774312
112784547
112807693
112828077
112848974
112849596
112851597
113028843
113051948
113052802
113055752
113063092
113081930
113107763
113232419
113248421
113283979
113319388
113399311
113421509
113508487
113543180
113627835
113632402
113634344
113649011
113669666
113807337
113916963
113949005
114006097
114032941
114047308
114090731
114130615
114220904
114242111
114306127
114340283
114360591
114379500
114387591
114392655
114414130
114462400
114463348
114464826
114531578
114537141
114593844
114627992
114679519
114726953
114745968
114802120
114823454
114825613
114834929
114909925
114920018
114961942
115050418
115050553
115178652
115226998
115348950
115367173
115397041
115428160
115572881
115654588
115660536
115664343
115738565
115951324
115959412
115966963
115980372
116023012
116092997
116155474
116185775
116239461
116264219
116344941
116383423
116490574
116492605
116538239
116765815
116770854
116818334
116834382
116859482
117099201
117167591
117194413
117206365
117310297
117393155
117410120
117418808
117508912
117625784
117627448
117735922
117786119
117793023
117900192
117906376
118116307
118184415
118201982
118212973
118247633
118251174
118260238
118298620
118341972
118351462
118361778
118389236
118420143
118442124
118476877
118522724
118594582
118603867
118707880
118753984
118767326
118775900
118827793
118840758
118854571
118874395
118908585
118909943
118932314
119060601
119257068
119257397
119301498
119477681
119482679
119501314
119575152
119576196
119643225
119709054
119715931
119757477
119845932
119864950
119883940
119890055
119911070
119919806
119920924
119926502
119976362
120145854
120147629
120147863
120147998
120148103
120148172
120148246
120148333
120148423
120148474
120217326
120226337
120230507
120230842
120245880
120254102
120357392
120368902
120374307
120397638
120423285
120514105
120703850
120707491
120709077
120798723
120802685
120804876
120817621
121116026
121116032
121167871
121185564
121261365
121395281
121415074
121534009
121561917
121669431
121770030
121797078
121881073
121940217
122083887
122139262
122192511
122369554
122407775
122438563
122526222
122659785
122713127
122856804
122863236
122870058
122881016
122928059
122941750
122975882
122985411
123079615
123464525
123538059
123765042
124259465
124500809
124529700
124584623
124639504
124882042
124890565
124930402
125343670
125355497
125555179
125662207
125819453
125833555
125864822
126060566
126133691
126195928
126198764
126198864
126198957
126198988
126199021
126219120
126276948
126277045
126277121
126277127
126277199
126277288
126283002
126296465
126339947
126377471
126423770
126493658
126515002
126540750
126552295
126624464
126642503
126642954
126643155
126643501
126644685
126646554
126655341
126673618
126705539
126718138
126927453
126930926
126930938
126930966
126996398
127026357
127088267
127220925
127389234
127421532
127426629
127546536
127582349
127582726
127831254
127853852
127871615
127929376
127932952
127944972
128217659
128218616
128231491
128338389
128369265
128483076
128638398
128696196
128732705
128771278
128791770
128855030
129115693
129176539
129216453
129235632
129246753
129247974
129290724
129296154
129334279
129582134
129582792
129599240
129629979
129634336
129672159
129694163
129786754
129797992
129824436
129863213
129889522
130114375
130130125
130216180
130344038
130410318
130413061
130451122
130485939
130651643
130677352
130930212
130945966
131021572
131133029
131160112
131164561
131176145
131195756
131223770
131272658
131349007
131369580
131393415
131416746
131417520
131429827
131484882
131493248
131494947
131576650
131596134
131842085
132057076
132071294
132095815
132095991
132096289
132099799
132135945
132143646
132201788
132244841
132308994
132440155
132470058
132521907
132673494
132714290
132770081
133027669
133050705
133062333
133123254
133201058
133224486
133274402
133370210
133472603
133474366
133475293
133475680
133475876
133476117
133476312
133550670
133592956
133593087
133593176
133657804
133697061
133805458
133962138
134042843
134113348
134123038
134123916
134129356
134147482
134177974
134186118
134203515
134234692
134263363
134292311
134293468
134296170
134323785
134383309
134487687
134618769
134634213
134658165
134684988
134765514
134795993
134898708
135060957
135146985
135238578
135244514
135244561
135283700
135309555
135311069
135317720
135460430
135540282
135622874
135678841
135683369
135738021
135767908
135793230
135888210
135906488
135915455
135953296
135955107
135975477
136019526
136022705
136228348
136262165
136268479
136327785
136365920
136773620
137131792
137360042
137572005
137737853
137744362
137817451
137924738
137963053
138021498
138159129
138238459
138239404
138312188
138338499
138348284
138382265
138426736
138484333
138498889
138556232
138559644
138587069
138640736
138831691
138879865
138978878
139033278
139091391
139178786
139209266
139228064
139281611
139389644
139463738
139467533
139520476
139573381
139582214
139582495
139648194
139662855
139736420
139767196
139887917
140033221
140089590
140173368
140225559
140232370
140291359
140358203
140415724
140494018
140726055
140897355
140908298
141146624
141326896
141389518
141542752
141560664
141583669
141656312
141676897
141703725
141750795
141773293
141902177
142135249
142157983
142177570
142199004
142268979
142447782
142450868
142453951
142476276
142536096
142553783
142558484
142609019
142646115
142720781
142748504
142786771
142991158
142991467
142993686
143043578
143195825
143238679
143359717
143580802
143665055
143720948
143788431
144131813
144199584
144207999
144279475
144373179
144401874
144465874
144468405
144652121
144803289
144885553
144885581
144980943
145178684
145250037
145308609
145321823
145374471
145389998
145410236
145428264
145436423
145458606
145493968
145511239
145527129
145529052
145550443
145817065
145843385
146212539
146246638
146271585
146293860
146307786
146340921
146486627
146523770
146682057
146724159
146790616
146855610
146984667
147030076
147038180
147040452
147053098
147056858
147400741
147436669
147528364
147718646
147777380
147783128
147793651
147895063
148165311
148226939
148239896
148489196
148575819
148633817
148670868
148681759
148694194
148747217
148759643
148960207
148982938
149390110
149402931
149437757
149454063
149486091
149671208
149735130
149737337
149756671
149848404
149909266
150193862
150287226
150407527
150471604
150536311
150542560
150629818
150648283
150772110
150822297
150850466
150888369
150919272
150968181
151079947
151125053
151168303
151170040
151313262
151360072
151361613
151724578
151751433
152004970
152017635
152135324
152212819
152478989
152562547
152603185
152658724
152748022
152771297
152801621
152830621
152936093
153006779
153024398
153053701
153057377
153079846
153135998
153175295
153217123
153234566
153326876
153345969
153406194
153445451
153586359
153707801
153752151
153799161
153960271
153986498
154023996
154024540
154039162
154074950
154102088
154113674
154128936
154132477
154141916
154167998
154197571
154221785
154246209
154443594
154453940
154468095
154505491
154529761
154561598
154564246
154568169
154604099
154633179
154639389
154725006
154788370
154796481
154806583
154887623
154890342
154932538
154939786
154958973
155014596
155171411
155184754
155227677
155253521
155271233
155276743
155286215
155512805
155568138
155580379
155604745
155614296
155614299
155639953
155644935
155683875
155716317
155733132
155747832
156007214
156055167
156070290
156082247
156088027
156124805
156140171
156140356
156140557
156147523
156166789
156167730
156188784
156222357
156231548
156326821
156432052
156453430
156460177
156467040
156503182
156520044
156523570
156591610
156599823
156613590
156615762
156711312
156799888
156843990
156847348
156859764
156912643
156923599
156924364
156958435
156959079
157023159
157117606
157119412
157191830
157206832
157252032
157257192
157354889
157544713
157632340
157646709
157653967
157656519
157663444
157678809
157730199
157774627
157782003
157790987
158000335
158049110
158080709
158341726
158404729
158441440
158455119
158459275
158471557
158542474
158581296
158678206
158702747
158707972
158746549
158786706
158788036
158828700
158864926
158890569
158914033
159166831
159194594
159213351
159259571
159262549
159278733
159330427
159406582
159491727
159513133
159651067
159678015
159831144
159863151
159968292
159972816
159998135
160001885
160005843
160035723
160042836
160075124
160195760
160331987
160451724
160453954
160454145
160477999
160659827
160686833
160697749
160697842
160707721
160780899
160793969
160894179
161071106
161097027
161116080
161125832
161136378
161145688
161190147
161193170
161212721
161252837
161262562
161341329
161393070
161490168
161580142
161655581
161924290
161941456
161972767
162007683
162127994
162185141
162185572
162193482
162271200
162311766
162322246
162335860
162339464
162350156
162412207
162436521
162599538
162693480
162695840
162718542
162722929
162795806
162796771
162802141
162899010
163046694
163120321
163127783
163129978
163153063
163215427
163240857
163251192
163402188
163443071
163508399
163539769
163622628
163640784
163694125
163737924
163840538
163997747
164007602
164205565
164232057
164234078
164272105
164324215
164351357
164372807
164396528
164408416
164538467
164572994
164645760
164646406
164646839
164741081
164745860
164921459
164960673
165047870
165077781
165187093
165207255
165213009
165245151
165250467
165272418
165275407
165282878
165390804
165406863
165515713
165558336
165573864
165573948
165582783
165592859
165598486
165614849
165655654
165656806
165687241
165717058
165754191
165840964
165963917
166143047
166143489
166199480
166250886
166290061
166300245
166415089
166416132
166447073
166550428
166706366
166781382
166872750
167022396
167040257
167352752
167397083
167494734
167735009
167743339
167857353
167937967
167939445
167967857
168018415
168257959
168325264
168401048
168401953
168412924
168430982
168483470
168544621
168624455
168698125
168733239
168751005
168775564
168854152
169204857
169277603
169334780
169446834
169553991
169638383
169697478
169765156
169890789
169947739
170014791
170055406
170058955
170162461
170169571
170218177
170327978
170438429
170439737
170457240
170461518
170465611
170511805
170606894
170645660
170656298
170684705
170693686
170790789
170863934
170882766
170883468
170935014
171000907
171009528
171011503
171053003
171198021
171295599
171305897
171312980
171458901
171512448
171515647
171560615
171562548
171564528
171596279
171612102
171655991
171786880
171837775
171854248
172047068
172120061