6882997
28354964
30147743
35421188
38183221
38955220
39589853
42531502
48303015
49427994
49611313
50081535
51733517
51940117
52566822
55806534
55808930
56177446
56373947
56788686
56883880
57747151
58328955
58428134
59196067
61613351
62455709
63105907
64638015
67575345
67675082
68223724
68401301
68995461
69143214
70475318
71075489
71973149
73040889
73187095
73625969
74461886
74660449
75241981
76184593
78394704
80017946
80019425
80030844
80080208
80127359
80158018
80202875
80220424
80273337
80353152
80366686
80390142
80414757
80430653
80434158
80438701
80502954
80668125
80751836
80822068
80862854
80918802
81142545
81208014
81248783
81309856
81313996
81319399
81322236
81324071
81616622
81631436
81655043
81777437
81787928
81869315
81883517
81899917
81916731
81921889
81922690
81961942
81963850
81971121
82078088
82134876
82213169
82240887
82267453
82333248
82334916
82340080
82365113
82387837
82500026
82571054
82600511
82625365
82733554
82758506
82759035
82768922
82775245
82850142
82851885
82918013
82919781
82974606
83037429
83059061
83274439
83351618
83354656
83417917
83478703
83480687
83510134
83527957
83529601
83537105
83613948
83616030
83666569
83679926
83804713
83828917
83835198
83944104
83951359
83973618
83986148
84051272
84068379
84235326
84351635
84389635
84425160
84493936
84542495
84563600
84565789
84626602
84626801
84761737
84767885
84772318
84776419
84777837
84813244
84855550
84882200
84888533
84888768
84903996
84904660
84937206
84940528
84980731
85174410
85257339
85295056
85304069
85344594
85355316
85363955
85371689
85413158
85432304
85446999
85501326
85525665
85540518
85542790
85550466
85643394
85686278
85758090
85891648
85932782
85953753
85970314
86036955
86051306
86097151
86112378
86191617
86193140
86194361
86197945
86208923
86216222
86246236
86293208
86339562
86355507
86405682
86477616
86502952
86505764
86531771
86544578
86562227
86625369
86626458
86628392
86635336
86720515
86867364
86876284
86952786
86992399
87000151
87002571
87013361
87016207
87016388
87016728
87019102
87034779
87068384
87068892
87085830
87170593
87172105
87172698
87178335
87219715
87305407
87394127
87585581
87586674
87666125
87733103
87774622
87793704
87901763
87992846
88129422
88191243
88213058
88220006
88220643
88225735
88257785
88264136
88305426
88316627
88342436
88349449
88367650
88372094
88412170
88459222
88461040
88464257
88467515
88492281
88510839
88561684
88563836
88565960
88596962
88650993
88664982
88665380
88677406
88715854
88718904
88719651
88743245
88769515
88904595
88937390
88945239
88946556
88954874
88957067
88966491
88979514
88986211
88989083
89083706
89184888
89219253
89279227
89287267
89291178
89292412
89296293
89302772
89316088
89363667
89371773
89376137
89387100
89399822
89415157
89416636
89419487
89427171
89459842
89513612
89516626
89793036
89868949
89888838
89922301
89927070
89934798
89946342
89969703
89983994
89986341
90008454
90009230
90012149
90014199
90048357
90074522
90097407
90224578
90316193
90338052
90403589
90423903
90497440
90712615
90756569
90836910
90862456
90933897
90941551
90963375
90982009
91016121
91018350
91046993
91103702
91122977
91125087
91133187
91218988
91261489
91340353
91400381
91413485
91431866
91444804
91446318
91530651
91551910
91552769
91561698
91564396
91595439
91616883
91640826
91650423
91658624
91717123
91732927
91742652
91796329
91881558
91928938
91932980
91935733
91940331
92002940
92060420
92078690
92140236
92168622
92327038
92383684
92408449
92512566
92541960
92545859
92607943
92632802
92640005
92642525
92660245
92680007
92717423
92760465
92779064
92787938
92830860
92862120
92876948
92973760
93117179
93146307
93159693
93189831
93389191
93499354
93576638
93577755
93606646
93608287
93615636
93620346
93630426
93701031
93705924
93720961
93729348
93940602
93942662
93954758
93968472
94006707
94008571
94030801
94038085
94076201
94082746
94142171
94314918
94328024
94334486
94350673
94395155
94456195
94481321
94493571
94500122
94518636
94593537
94630998
94631303
94760267
94765581
94769646
94826177
94836926
94845642
94848319
94859689
94877492
94887155
94926399
94990430
95004390
95059253
95069297
95123829
95285451
95347179
95381617
95427191
95455620
95509198
95604880
95770840
95782696
95866260
95876569
95976782
96118731
96217108
96218761
96238485
96239454
96266039
96296960
96335546
96429697
96517355
96547334
96566190
96648726
96655055
96655889
96658136
96665571
96675638
96710488
96716347
96728511
97000929
97009137
97064687
97111117
97141350
97152701
97190588
97217013
97256353
97296821
97349169
97462317
97518554
97541695
97574701
97581625
97620271
97624367
97640524
97659311
97713330
97742162
97750029
97752296
97757930
97857801
97982395
97991027
98017328
98046322
98047041
98063562
98068587
98098282
98099938
98139690
98153988
98212543
98228309
98311624
98333899
98429224
98450687
98463642
98527882
98547850
98583872
98593194
98630442
98643007
98711073
98725499
98730579
98745868
98784647
98989439
99032197
99063032
99111640
99122104
99167750
99364283
99373983
99395773
99503299
99508705
99518036
99524533
99530546
99595149
99631376
99632456
99808747
99810665
99941435
100276086
100393010
100444863
100466785
100563544
100591943
100611466
100694436
100761469
100782227
100880204
100886522
100959434
100988854
101066027
101243698
101260373
101268425
101285769
101288497
101289469
101311983
101336116
101346555
101401782
101402132
101411867
101446297
101485427
101487813
101546388
101609883
101625946
101631061
101679534
101706896
101709400
101742834
101835236
101853107
101906714
101947051
101987405
102002128
102013354
102024735
102061691
102065509
102098156
102163439
102258161
102265470
102299324
102299832
102304924
102334141
102340053
102358631
102397983
102405426
102474961
102477664
102706613
102708882
102738927
102801822
102803263
102807068
102831281
102884758
103052389
103184718
103191457
103220976
103265903
103268151
103273128
103321076
103338541
103351824
103365662
103378966
103394076
103399108
103404965
103454611
103539859
103541841
103940603
103947831
103959993
103961153
103964009
104020812
104028687
104062244
104070339
104077847
104143813
104381290
104399436
104401559
104405595
104451803
104452161
104467964
104507294
104515625
104516866
104546826
104569482
104603674
104616077
104713912
104803276
104838114
104869269
104884812
104909654
104958633
105013320
105077645
105099490
105163445
105236777
105337005
105346841
105352599
105374814
105377531
105434230
105445560
105448589
105463151
105492914
105494704
105550065
105556431
105607689
105622742
105686825
105688048
105688946
105951820
105989317
106064576
106102699
106104574
106143392
106151977
106205292
106248298
106248708
106251942
106301949
106311786
106363210
106455007
106610278
106761139
106799003
106802142
106809538
106815348
106827125
106871348
106885503
106997524
107124581
107186311
107200465
107226076
107243170
107249254
107262948
107267189
107433494
107503722
107867988
107908951
107919614
108017972
108027928
108030917
108036357
108069809
108121844
108182762
108275737
108302173
108368655
108423222
108448896
108474174
108542052
108605761
108665920
108680358
108693644
108716373
108840212
108898403
109003973
109070434
109090147
109115097
109347780
109529177
109531875
109574894
109620019
109628836
109678296
109682534
109899931
109934929
110081416
110120299
110127363
110143940
110209064
110210485
110224210
110271133
110368669
110483908
110534465
110703823
110734428
110942227
111025142
111106295
111112429
111239305
111301068
111333236
111420557
111424603
111540928
111541682
111612650
111824660
111873560
111879191
111933886
112091063
112108400
112129890
112145640
112201371
112235182
112318428
112318687
112327942
112392584
112412586
112412609
112468640
112526875
112526961
112573045
112732676
112749295
112762104
112762374
112786980
112838467
112861839
112913136
112913293
112923412
112927469
112940860
112943734
112943735
112943744
112958756
113008814
113010249
113025997
113354647
113479575
113500277
113568256
113666220
113692853
113909041
113934773
113943847
113958599
113959805
113963424
113966926
113982924
114027875
114188117
114188171
114206774
114240322
114241640
114313155
114331063
114366488
114385616
114407207
114477361
114531204
114531757
114753352
114802210
114817440
114823085
114881184
114902643
114910403
114926686
115039105
115052024
115070706
115118636
115126821
115154180
115281739
115298126
115315530
115342636
115442470
115572203
115667200
115918967
115935023
115943601
116105048
116123473
116161330
116214033
116243634
116254400
116258768
116277970
116594045
116653529
116795260
116812016
116905512
117170564
117216273
117295573
117327661
117366931
117633442
117709614
117709806
117730293
117754185
117860825
117867375
117873336
117878114
118055309
118123377
118187711
118189597
118190446
118198547
118198723
118204961
118261077
118263564
118286514
118310425
118315941
118324384
118370924
118371205
118390017
118393606
118440340
118442856
118453663
118479813
118510670
118560020
118601214
118633399
118774254
118800219
118821698
118838520
118872754
118939938
118960428
118965504
118965653
119043866
119047242
119065198
119080174
119190035
119260221
119260594
119317968
119325958
119369873
119432047
119443620
119458724
119516886
119676246
119682389
119871899
119882537
119955368
120000774
120002857
120056492
120097513
120141534
120143524
120172494
120173817
120217759
120237270
120343363
120417282
120478805
120606799
120668348
120712568
120736536
120749313
120809544
120815278
120870189
120872185
120872899
120873369
120874219
120875653
120875745
120875944
120893763
121029707
121072636
121113578
121114271
121126669
121135839
121531475
121531998
121538511
121620978
121988722
122009349
122140757
122140959
122141972
122256639
122327692
122369144
122413508
122477187
122503707
122503791
122503847
122503915
122503959
122529503
122602545
122603204
122627360
122654981
122790624
122818927
122871636
122877680
122923950
122996574
123017168
123078374
123078567
123215269
123284650
123309458
123387512
123392758
123540572
123631203
124019484
124062937
124330069
124577751
124579941
124860451
124951010
125188732
125277218
125301014
125307242
125323067
125328352
125375953
125432074
125586099
125826272
125893029
125900267
126091800
126131972
126164154
126182045
126239399
126266742
126271828
126281136
126308313
126318616
126393036
126415258
126518530
126518865
126520246
126647732
126648083
126648763
126650633
126657949
126711167
126737865
126899527
126950896
126995634
126996405
127015342
127061090
127067616
127092998
127093006
127093014
127093044
127412223
127415661
127432737
127449101
127560586
127586685
127601372
127803726
127830179
127903841
127984459
128134978
128153127
128182834
128195177
128210888
128244421
128254664
128296068
128330711
128338843
128428883
128570966
128645813
128677024
128769853
128844465
128860773
128906478
129063946
129154411
129235951
129256216
129260163
129310694
129559227
129606282
129653847
129714801
129983766
130004955
130045440
130107463
130114680
130173346
130199718
130203574
130216121
130435704
130452168
130453230
130466644
130512253
130551586
130565483
130650312
130654264
130661736
130667094
130689557
130714785
130738329
130773654
130840292
130909367
130911445
131001136
131002751
131023401
131073404
131081376
131094261
131167567
131192941
131218068
131311729
131395539
131454313
131640774
131773835
131887643
131960263
132009280
132091306
132123388
132253724
132355086
132436275
132468329
132471488
132528361
132598415
132653303
132654181
132696286
132764549
132804342
132873409
132973823
133020352
133086065
133165190
133170573
133225055
133291234
133304343
133324568
133341107
133386434
133520882
133548370
133604479
133722570
133732261
133742012
133805476
133810454
133847778
133850961
133858845
133884417
133992280
134009160
134147641
134164578
134186688
134189989
134245697
134249204
134316395
134532401
134589984
134651271
134689391
134730250
134738046
134762862
134763948
134784184
134786208
135016057
135148555
135153187
135184038
135258037
135303776
135353921
135380766
135448374
135454681
135467371
135485089
135887827
135919697
135927819
135932454
135932902
135940431
135950547
136024989
136148545
136154283
136166708
136180436
136314371
136350956
136439505
136504127
136537200
136595619
136613077
136876741
137183771
137210173
137276380
137292673
137341409
137345439
137364432
137459160
137533839
137546596
137556194
137617028
137794987
137816522
137901067
137920054
137928348
137992564
138001336
138063804
138239271
138291227
138333379
138564588
138596909
138604049
138607994
138705829
138807361
138962076
138980095
138995774
139159199
139242637
139421369
139447982
139494311
139527276
139582838
139598318
139602158
139622944
139660225
139747801
139748605
139755756
139786864
139812271
139852381
139942830
140053408
140081742
140161575
140189724
140289911
140367705
140398575
140483674
140490080
140658155
140745985
140889931
141102356
141138851
141187432
141279920
141308827
141309121
141373444
141394784
141396509
141397528
141423145
141567798
141685087
141836618
141840716
141859361
141955604
141964188
142030722
142039973
142249423
142277934
142367628
142427033
142429651
142490194
142504318
142529347
142532270
142601269
142639437
142753536
142974758
143035001
143112042
143160139
143168424
143264769
143266308
143335041
143506859
143511267
143597656
143651025
143665207
143666348
143732645
143840336
143882363
143898794
144169562
144182412
144227848
144243909
144280979
144357260
144403004
144426192
144439906
144493337
144678763
144715626
144836609
144933641
144944337
144972041
144979612
145100215
145155627
145233984
145267082
145317516
145377579
145391506
145437335
145591160
145695995
145746169
145752932
145791568
145930251
146072635
146145644
146207501
146216372
146293426
146316360
146339224
146357199
146462500
146514634
146769551
146837083
147097787
147232445
147350315
147754239
147760197
147761528
147821874
147863196
147875329
147914026
147932034
147935030
148307822
148388881
148550459
148554616
148897799
148960357
148965299
149064715
149309745
149313764
149454314
149479561
149731064
149767355
149906261
150029823
150050501
150068565
150070387
150078586
150101573
150150757
150276956
150518570
150561198
150571990
150654748
150686020
150702092
150855762
150904712
151040894
151170483
151267083
151342680
151555660
151566270
151596191
151625292
151656103
151661880
151662764
151703932
151905435
151939514
152243386
152278173
152281454
152286207
152552055
152572937
152584302
152662749
152678024
152762387
152787420
152829455
152868239
152872504
152892756
152894719
152897172
152908602
152931082
152950223
152959002
152986142
153033201
153097541
153105963
153115602
153117684
153133143
153246138
153253910
153259730
153319749
153407142
153439895
153447869
153457522
153563156
153634322
153665297
153687958
153747913
153807151
153845115
153849727
153851368
153853148
153862426
153868872
153914131
153933792
154073383
154076195
154090516
154094676
154097733
154156636
154156709
154159695
154194533
154254469
154281341
154285718
154301221
154388581
154409421
154413963
154472487
154498339
154623852
154746458
154785316
154792236
154793829
154795010
154799420
154801267
154882630
154890431
154905067
154918111
155024475
155150528
155226754
155242840
155283094
155362729
155390014
155407823
155420707
155427554
155475226
155551515
155565127
155566406
155584708
155659469
155679289
155717418
155744783
155794678
155802662
155908613
155957808
155978416
156033573
156035398
156091555
156092112
156100044
156102678
156108587
156166246
156286669
156361600
156395871
156411921
156416338
156428195
156518316
156549349
156557973
156603207
156604852
156607445
156749081
156755827
156825498
156832200
156849877
156888007
156923240
156924786
156936038
156951822
156974890
157023353
157149935
157153056
157178610
157270125
157298357
157351556
157367104
157392287
157407882
157446523
157560665
157565195
157656885
157668389
157678360
157773729
157858885
157877416
157907476
157965619
157977471
157977635
157977906
157981891
158098057
158166034
158206274
158217192
158268626
158394152
158402592
158450027
158469749
158535804
158538301
158602891
158745250
158756537
158759342
158779593
158785587
158833033
158851873
158864078
158903347
158903418
158935044
159125514
159135432
159163483
159183618
159200590
159231576
159253718
159331408
159389046
159415170
159428366
159650184
159818127
159897992
159923609
160026543
160075170
160223344
160232460
160259762
160267161
160291783
160309470
160316172
160346228
160348429
160356702
160357360
160363516
160405056
160433031
160462801
160482381
160533120
160654486
160686092
160715868
160739318
160748111
160779525
160803541
160843981
160855050
160875479
160905195
160940240
161090962
161204727
161263815
161265326
161325085
161340326
161354082
161421359
161433533
161459864
161551773
161556216
161586015
161626515
161653437
161692201
161773439
161775723
161793688
161809071
161829173
161869085
161930446
161953517
162041874
162070085
162278621
162281842
162312567
162323508
162342123
162357947
162421241
162439071
162578792
162649876
162655726
162696245
162707697
162763933
162770887
162772291
162780308
162863464
162871413
162892848
162913651
162951145
162997663
163010254
163012344
163031923
163202593
163300222
163306187
163316015
163412300
163454374
163485907
163537906
163578998
163579204
163616680
163617647
163702555
163704730
163773617
163792110
163793768
163910225
163962324
164025281
164122359
164174825
164211482
164217880
164281694
164340256
164374640
164399443
164409532
164472727
164519618
164636105
164646549
164657394
164662101
164671734
164674295
164749013
164750863
164762545
164782050
164821146
164823092
164832591
164833020
164887133
164946414
164955972
165147869
165169416
165184426
165192758
165199223
165202148
165202240
165216096
165226267
165237985
165246183
165266783
165305363
165317292
165412344
165448389
165448887
165456755
165462558
165524376
165528679
165576174
165592702
165628511
165650798
165698805
165943028
165986277
165993697
166050963
166081352
166139888
166150588
166218166
166227855
166310059
166435847
166444590
166453911
166465598
166479087
166509456
167060826
167079102
167094426
167345449
167400039
167503204
167551374
167688982
167718088
167727454
167771299
167786976
167920961
167924132
167945502
167963912
167995451
168001450
168026767
168044453
168179648
168214648
168254743
168397737
168480653
168519142
168650507
168693555
168729093
168733154
168816003
168853489
168886260
169018007
169098271
169264001
169275663
169340113
169500103
169553967
169627155
169664606
169668003
169670625
169730688
169743129
169766326
169768750
169806925
169808244
169828858
169850500
169935676
170062837
170107010
170131092
170162145
170209429
170209796
170309017
170369420
170425147
170425402
170447809
170524895
170653329
170680027
170682504
170698348
170768451
170879654
170902848
170958125
171008786
171011687
171018714
171027996
171060899
171112586
171138160
171162975
171168644
171171902
171238942
171283020
171466491
171467286
171490539
171605753
171617389
171653912
171784526
171793773
171924383
171924626
171936865