22187013
30894561
32158226
32355216
34262934
34593745
37373082
37914705
37978300
41098909
41423012
41689674
41737363
42368479
42816906
43014832
43783321
44506799
46690771
46911854
47062463
49584506
49850067
49934575
51017820
51495250
52034868
52791186
53436621
54818387
55821284
57577616
58185436
59314037
60875366
61177871
61852045
62450592
62752911
62770026
63844895
63928458
67717812
68158388
68617000
70768481
70986606
72028477
72769851
73342467
73471955
74808113
75679375
76113170
76390329
76898682
77550437
78793269
78963263
78983864
79344142
80019805
80034076
80036531
80045212
80090121
80129076
80131222
80204236
80229436
80249297
80265376
80282225
80294658
80303642
80307380
80309080
80322907
80325835
80333506
80344989
80348398
80350497
80355984
80368651
80386712
80392692
80400878
80408363
80426110
80444636
80469421
80476515
80529990
80588356
80595612
80643607
80672850
80676537
80679610
80737865
80745236
80746663
80752371
80782590
80791200
80819544
80824750
80826424
80828459
80842371
80843053
80858601
80859037
80868529
80868983
80871734
80889157
80891777
80897943
80916778
81009611
81021535
81022066
81025302
81028788
81044966
81080879
81086496
81099879
81111687
81127701
81142680
81151531
81155246
81181429
81191322
81246115
81255800
81258190
81258757
81279732
81286685
81289796
81299333
81300268
81307506
81310581
81320780
81323322
81325037
81336807
81342821
81394448
81399764
81407074
81415581
81417528
81422290
81446416
81465547
81469641
81475215
81481202
81493207
81508877
81531175
81597804
81601113
81609674
81612869
81625145
81651958
81706127
81763328
81781163
81781878
81791998
81800607
81802788
81808035
81808068
81837629
81853900
81863498
81866705
81875250
81883726
81885431
81887905
81911791
81914277
81915043
81922293
81926572
81970800
81996956
81998257
81999004
82020335
82126874
82144188
82215471
82236651
82242540
82248154
82260108
82266147
82279037
82288177
82304391
82314849
82315142
82320215
82334092
82335728
82345807
82352982
82368123
82376024
82400729
82405771
82422502
82435120
82443622
82444088
82450328
82473694
82473734
82474020
82540756
82549860
82558396
82610691
82613101
82614326
82650154
82728377
82759093
82764516
82780502
82786429
82787378
82809372
82822900
82826939
82843241
82854790
82860173
82882553
82896744
82897422
82901138
82903001
82909701
82911893
82916389
82917834
82936105
82941400
83032852
83115743
83248049
83283996
83298562
83302281
83340931
83341877
83343357
83346837
83347808
83354927
83377180
83380709
83383298
83475170
83478317
83483627
83521581
83532439
83549221
83582328
83668535
83713775
83720592
83739426
83751117
83761701
83773055
83796256
83816955
83855790
83903660
83921857
83955369
83978825
83988088
83996124
84061600
84063617
84064136
84079094
84084460
84099164
84139350
84214189
84228701
84250108
84252562
84267666
84282635
84284324
84289880
84293939
84311064
84394104
84419246
84444596
84446123
84448950
84467603
84493874
84511417
84544250
84545835
84546027
84622726
84669718
84674861
84680521
84684031
84741804
84774696
84800547
84804798
84819944
84820820
84828807
84835767
84901948
84907175
84907187
84916893
84933140
84941407
84960782
84987637
84992905
85002686
85015564
85026312
85077164
85162602
85163019
85213045
85216314
85307821
85319605
85328549
85332038
85342291
85379255
85391590
85399950
85451040
85453078
85453463
85465132
85479281
85488965
85491934
85500267
85504709
85505868
85507535
85518680
85531016
85534241
85542396
85565257
85596542
85606953
85630102
85630247
85643255
85687870
85746291
85852364
85859005
85871529
85873242
85879559
85891599
85916250
85950101
85961525
85981079
86014170
86016151
86035511
86036666
86038360
86044931
86071007
86088710
86099882
86124122
86129085
86161515
86206988
86210311
86228331
86231152
86250774
86256051
86310687
86316400
86339650
86415670
86444064
86445888
86496749
86498065
86506749
86507945
86526044
86530412
86535189
86542135
86557661
86562327
86624911
86629437
86636920
86643180
86654032
86658968
86681300
86686201
86704308
86753136
86763987
86778424
86785467
86822674
86853058
86880539
86896571
86908390
86940368
86961316
86975375
86979335
87019775
87023069
87029861
87069287
87075747
87086985
87100805
87104196
87106426
87109792
87125635
87127344
87161507
87162111
87171099
87173069
87206122
87258300
87270608
87273113
87279585
87289613
87301927
87431489
87472759
87493423
87518283
87535949
87542657
87547991
87552981
87563692
87572018
87585691
87586412
87587636
87618260
87647089
87654451
87688047
87699708
87704290
87714001
87714801
87716568
87746434
87759189
87770130
87787788
87788788
87795712
87796434
87807271
87809766
87823947
87844311
87869119
87896671
87906079
87949621
87968879
88123980
88157439
88160918
88199147
88212275
88214400
88216071
88220358
88229140
88229797
88230800
88233937
88260393
88266924
88284866
88300204
88303360
88308272
88323537
88328757
88342426
88348602
88361466
88396416
88404881
88434797
88434841
88435588
88458355
88477293
88512499
88526564
88545536
88591880
88648222
88654929
88659029
88679895
88693546
88699557
88699906
88700315
88705669
88708690
88736249
88751840
88758825
88761188
88770536
88777643
88783224
88786715
88850349
88854012
88854875
88861116
88863944
88867455
88869951
88907082
88911277
88930520
88936514
88938811
88953711
88955754
89008724
89060268
89061933
89101063
89135368
89164954
89219959
89228455
89229789
89253136
89296400
89299219
89299657
89304105
89305600
89311063
89319410
89334366
89343695
89352059
89380077
89382598
89392940
89448144
89448612
89468650
89499465
89537351
89608387
89630854
89650336
89675768
89682479
89685597
89750273
89750724
89755657
89767591
89787393
89800676
89832162
89848240
89874747
89876235
89883478
89887424
89887787
89914542
89916641
89939933
90073960
90084601
90125980
90135952
90141378
90155983
90160051
90240708
90243311
90266091
90266942
90293514
90322515
90368914
90381717
90414069
90415973
90450207
90461905
90465559
90487446
90513492
90539965
90640756
90648244
90667339
90668452
90823670
90830333
90875151
90880084
90929563
90950799
90957961
91014064
91020024
91058097
91082864
91118208
91121434
91123906
91125670
91170712
91171411
91183973
91222566
91273332
91274168
91419633
91420330
91439165
91439306
91439768
91440200
91442727
91443508
91448743
91474228
91495108
91502369
91529047
91532593
91536940
91561477
91580588
91603888
91616771
91635743
91677154
91678058
91693437
91778006
91833429
91905798
91933049
91934094
91934352
91936407
91940957
91983983
92000409
92003383
92006218
92012690
92012883
92014058
92017230
92017795
92026587
92059343
92145211
92145432
92162370
92192454
92207045
92214171
92214971
92265526
92280323
92291493
92309056
92373891
92421013
92431920
92456615
92457961
92503177
92508803
92509380
92519190
92520561
92521468
92537530
92546264
92546510
92589976
92608914
92610462
92614894
92639752
92654626
92669172
92676852
92690041
92747400
92756532
92785832
92876714
92876800
92876848
92876917
92928382
92944088
92962279
92979886
92982578
93010999
93038160
93044666
93075867
93077841
93078386
93080904
93107868
93114233
93115642
93116376
93117641
93147747
93225956
93232244
93267237
93333644
93346958
93358393
93481083
93481143
93503931
93544395
93552232
93552609
93553031
93587073
93587104
93591825
93637521
93659580
93676218
93687979
93688082
93690657
93696655
93696664
93709564
93712940
93741708
93749811
93753198
93813872
93831769
93942281
93968736
93969772
93972027
93975309
93976032
94008643
94009558
94021127
94021286
94028873
94040502
94048568
94060785
94095645
94098634
94098807
94171378
94186229
94189626
94204857
94318881
94390656
94395219
94398648
94411105
94424176
94433197
94439002
94458158
94481062
94482515
94490694
94510740
94516448
94556341
94556457
94556933
94576366
94607684
94607870
94683820
94694591
94719777
94753299
94763739
94794079
94810944
94832286
94858503
94906897
94912890
94914481
94976056
94977050
94977681
94989653
95014947
95051744
95066061
95116871
95190487
95190616
95218929
95257943
95271710
95340485
95378706
95382217
95390585
95396090
95397153
95401202
95422057
95489614
95507193
95510105
95543069
95628625
95664297
95684443
95696947
95709285
95716418
95720583
95758189
95789798
95837738
95846849
95862057
95905403
95913889
95915295
95943838
95951517
96002099
96015785
96074968
96185577
96216433
96218577
96225043
96251653
96252616
96298440
96299345
96325012
96334894
96343136
96346607
96358605
96359781
96363571
96372589
96456470
96460962
96491279
96497273
96499273
96651049
96653906
96659653
96662640
96662926
96697914
96710137
96713538
96713834
96731824
96733934
96737723
96758867
96760530
96761916
96793826
96794459
96845801
96885418
96889240
96892159
96903473
96912650
96914399
96956466
96995934
97040087
97043415
97044094
97150346
97181060
97184458
97186454
97187228
97196620
97214194
97300577
97307581
97490775
97529549
97540602
97570500
97580873
97581843
97583079
97592520
97624183
97625975
97636641
97651337
97695102
97704582
97709938
97712155
97723507
97730833
97812325
97855462
97969128
97970654
97991395
97995517
98022205
98027668
98030967
98060056
98091016
98095271
98150977
98152561
98164817
98241445
98250315
98262800
98279423
98339287
98340387
98354891
98376673
98409131
98449655
98463945
98469243
98482776
98493533
98507146
98521908
98556922
98562274
98574145
98582400
98600129
98681998
98734142
98734303
98795524
98892936
98893636
98918604
98940124
98943468
99119065
99153824
99163172
99218446
99267055
99318922
99351114
99400260
99421212
99424245
99427366
99441011
99444782
99461267
99526537
99640937
99650604
99657090
99756588
99796398
99853321
99899980
99921678
99997161
100069621
100089122
100101874
100162075
100257897
100258472
100281877
100295540
100297979
100305443
100313242
100329413
100357667
100395065
100401969
100449892
100530255
100580724
100583745
100589980
100591263
100604681
100641860
100692861
100713376
100800573
100818184
100818210
100834471
100846417
100854640
100860703
100861532
100878956
100905545
100917138
100935313
101037674
101073873
101085732
101113149
101176828
101238725
101249119
101250032
101250843
101264223
101291175
101310738
101358796
101366782
101369126
101372150
101381997
101390515
101440516
101463805
101552260
101676592
101700410
101714850
101756479
101778643
101781027
101808847
101818313
101820956
101846934
101863200
101900017
101928330
101939289
101984436
101998369
102020131
102024001
102044690
102055565
102107648
102148757
102198094
102307919
102332107
102404048
102405081
102416178
102428768
102438450
102542067
102623276
102661458
102693292
102694634
102736219
102736335
102794968
102816429
102826544
102833826
102836374
102840474
102858113
102872774
102901213
102970020
102980041
102985199
103000923
103018936
103044152
103055209
103061558
103084888
103176523
103292499
103354954
103371798
103417809
103418615
103447755
103471738
103522743
103599177
103680104
103718243
103734417
103874128
103882704
103890773
103911983
103925827
103931829
103935754
103960454
103970998
103989390
104037673
104046728
104047189
104079355
104082355
104083987
104123185
104143352
104190999
104220187
104222629
104243159
104261579
104360980
104364982
104395488
104396828
104397815
104398496
104401653
104420536
104429465
104458312
104459697
104558074
104574781
104579618
104579872
104591637
104644354
104656210
104672259
104745286
104786545
104814313
104870106
104885750
104909213
104932617
104933140
104950975
104975464
104991038
104992462
105020630
105023211
105062994
105063265
105064592
105132747
105136437
105216237
105219970
105237431
105377038
105467151
105485118
105491636
105503259
105505443
105554917
105555903
105629025
105630480
105645148
105690645
105691037
105691185
105691479
105691816
105692017
105692436
105715245
105767184
105775727
105858846
105869046
105869661
105872027
105913714
105922101
105941836
105996712
106001391
106019270
106071663
106072891
106093831
106135521
106143409
106271691
106295180
106327721
106332243
106345695
106373472
106399827
106434687
106478094
106527905
106542742
106568443
106570779
106593778
106594817
106622798
106628088
106695662
106696133
106703294
106712795
106787476
106796136
106798819
106805996
106862078
106896953
106932568
106946896
106953986
107055195
107065705
107122526
107170642
107174159
107175154
107176671
107233587
107235277
107248740
107260525
107264791
107286981
107341352
107405187
107456989
107465561
107482847
107489465
107584159
107659666
107745316
107815969
107819678
107844889
107874684
107879965
107911175
107942649
107948183
107973139
107986502
108033115
108034650
108078130
108079648
108125312
108138731
108173879
108177571
108192562
108193803
108220137
108263296
108269388
108281975
108296092
108298590
108306683
108310583
108345263
108349065
108350956
108378704
108379531
108386463
108387147
108403534
108436475
108438499
108502083
108513010
108514725
108517660
108526739
108528726
108534528
108555687
108585092
108589277
108602802
108630930
108754006
108774534
108774688
108827407
108848211
108860837
108871830
108872359
108913053
108931457
108938244
108973805
108985560
109021237
109023030
109024772
109036205
109053609
109200119
109243651
109244708
109281660
109296351
109357208
109358538
109395372
109400588
109418383
109441437
109457074
109485029
109495634
109511823
109512150
109524142
109539471
109540095
109548178
109559425
109588132
109616095
109655544
109656928
109681392
109781053
109790184
109898204
109934104
109936198
109944398
109945254
109946725
109963478
109963780
109973757
110008557
110051020
110085754
110087191
110090167
110098861
110130595
110164515
110196144
110227542
110369174
110427491
110448493
110554660
110600268
110609685
110777166
110823612
110961065
110962370
110965357
110979655
110985378
111282817
111282856
111282972
111283029
111347491
111403460
111405570
111502779
111508262
111508381
111508439
111641310
111642141
111647384
111665001
111671208
111677415
111683235
111700341
111722102
111725277
111725771
111833737
111853459
111918822
112042551
112061834
112130289
112141406
112141482
112149287
112158290
112163638
112163696
112179759
112202602
112223943
112271020
112287389
112349477
112352348
112381478
112416784
112418282
112437188
112517563
112519448
112526586
112555823
112557356
112666987
112699701
112713706
112735071
112735950
112742659
112774949
112775306
112784559
112797913
112809752
112835113
112836269
112861232
112861397
112885743
112890757
112924859
112944361
112952683
112990342
113020441
113051771
113072748
113141126
113206983
113209096
113231423
113271031
113317641
113323480
113324029
113324452
113461902
113476882
113492733
113504499
113565407
113576155
113581565
113584319
113599435
113646848
113681688
113705823
113748339
113756286
113793613
113834295
113846248
113865683
113932303
114051966
114081067
114090969
114106042
114116544
114127980
114201863
114214366
114332305
114358093
114369248
114381023
114432476
114453675
114454885
114457550
114468409
114485235
114601122
114613247
114621698
114622691
114659053
114786424
114789879
114802275
114837236
114865493
114898836
114977765
114979369
114982130
115015614
115035182
115037532
115050294
115082160
115097043
115101511
115123796
115240986
115259177
115298206
115312967
115382732
115430843
115569246
115592075
115599184
115675061
115702457
115706393
115752208
115764014
115772474
115857120
115869750
115906932
115910193
115936243
115950415
116021452
116021705
116021944
116022136
116022160
116083773
116091821
116096208
116120946
116125875
116128520
116135002
116155025
116185285
116207190
116255875
116362353
116451024
116497652
116520339
116657475
116714722
116773085
116779731
116810154
116822438
116877649
116887926
117026897
117071601
117116880
117263870
117296310
117299215
117329894
117340886
117367007
117371030
117399189
117410109
117411670
117510364
117563305
117581187
117685496
117918614
117924375
118064724
118094696
118095831
118202300
118205696
118253253
118259858
118360117
118419742
118445144
118450860
118501840
118520708
118551251
118580378
118599156
118635646
118635725
118636258
118730521
118732314
118768066
118780446
118790854
118812586
118813941
118817959
118929184
119040292
119122314
119134611
119181601
119247912
119248276
119256460
119259401
119268941
119331265
119370899
119427856
119433935
119448772
119486495
119542117
119720551
119753429
119775888
119782819
119800509
119846383
119900935
119935022
120130165
120135092
120141647
120145945
120157309
120158771
120183152
120216798
120217292
120217918
120233338
120244662
120248776
120290529
120298857
120304695
120322813
120344914
120393368
120397364
120412737
120422850
120423573
120425620
120432005
120432208
120453899
120494090
120575797
120582655
120618181
120638476
120655597
120681542
120681909
120706716
120721919
120773356
120835586
120966510
121026432
121028264
121064277
121065770
121071009
121125292
121126101
121133962
121175615
121175661
121176445
121188075
121293455
121306551
121386284
121405497
121408389
121436731
121461878
121538638
121567232
121734385
121751143
121879735
121917026
121917097
121936965
121944886
121947829
121949451
122046640
122080202
122263769
122316872
122457463
122478269
122483408
122518259
122519417
122613670
122789357
122817320
122817351
122860715
122870823
122882714
122886006
122940904
123016550
123057357
123095658
123133915
123221723
123227297
123282763
123290907
123312503
123383281
123464237
123466213
123547926
123578958
123580609
123582158
123583073
123629752
123886981
123941830
124023363
124059505
124250030
124474580
124477599
124643518
124678563
124746717
124941337
124998605
125284755
125306206
125325536
125351516
125398059
125680713
125719495
125726531
126042285
126092385
126121297
126123460
126249403
126314820
126315261
126532092
126584637
126625700
126693259
126858075
126862343
126954517
126973589
127051754
127054210
127082848
127214773
127219491
127278105
127318467
127331006
127369249
127374872
127409984
127413824
127467383
127468425
127491989
127529451
127537337
127631459
127639357
127641304
127649510
127661446
127696232
127720181
127733160
127792384
127831546
127860550
127891296
127912819
127969151
127983906
127994078
128031732
128042160
128050773
128100930
128105747
128107898
128124617
128147446
128171360
128174353
128177851
128193830
128203648
128238518
128285402
128337822
128397240
128411371
128648935
128665190
128698219
128731970
128882209
128884469
128890407
128890953
128891086
128921121
128964685
128998191
129186225
129194060
129208935
129442420
129467309
129534379
129594006
129635710
129635864
129675340
129742633
129813540
129870016
130003400
130025524
130043729
130098360
130150580
130196532
130197720
130247315
130263818
130284837
130333831
130372067
130465852
130485501
130535179
130581373
130582337
130667459
130693098
130705027
130710592
130712075
130729740
130751841
130854729
130935196
130952987
131003594
131021654
131023935
131027460
131048452
131065661
131071606
131115342
131152219
131160933
131165974
131213399
131217858
131217874
131221154
131447661
131550953
131647620
131856872
131912428
131970208
131973646
131984725
132072448
132220340
132252514
132326419
132352069
132390940
132406928
132516944
132517810
132520719
132534611
132539918
132563219
132573168
132574203
132586315
132619168
132625828
132741246
132756904
132790261
132863576
132893020
132916887
133008837
133056825
133069092
133114401
133120111
133131330
133133221
133198234
133251507
133265306
133286371
133287023
133321825
133349916
133408402
133558186
133563813
133579043
133579098
133579107
133584785
133592914
133594350
133600877
133667434
133688777
133699420
133792785
133848618
133857974
133867049
133867468
133962687
134047518
134076543
134078572
134097728
134106600
134178327
134324074
134329363
134354753
134359994
134360092
134391225
134393504
134393905
134405605
134407904
134415081
134538634
134597877
134635104
134677443
134685982
134774572
134784638
134829707
134922787
134944134
135012060
135013837
135031803
135100356
135141584
135218855
135231050
135234443
135337702
135383578
135450750
135455346
135508275
135628059
135658110
135747135
135757659
135777708
135829764
135904275
135925752
135951017
135970596
135973402
136049188
136265869
136265874
136322952
136350592
136410145
136693776
136702918
136822370
136853897
136853952
136854025
136923833
136971789
137084450
137091428
137158310
137290015
137292176
137302095
137335687
137413720
137447217
137562500
137607374
137660540
137680728
137713403
137722469
137724933
137731944
137816298
137820839
137833653
137848785
137878827
137906118
137914154
137921126
137941692
138003520
138066851
138089316
138121240
138230596
138234837
138321548
138335162
138384162
138392828
138398205
138503799
138515255
138567290
138669609
138692835
138792583
138876265
138980310
138985099
139000294
139005081
139006809
139053268
139061408
139070094
139086025
139222656
139253276
139399651
139400963
139508432
139534879
139610580
139620514
139669352
139717372
139763594
139780933
139814814
139851712
139912648
139939342
140038045
140084985
140125648
140158056
140174912
140209182
140221535
140377825
140399782
140417869
140479474
140666085
140687937
140715490
140794698
140843890
140847606
141167206
141335836
141406956
141512015
141513422
141526396
141558298
141569994
141577883
141671647
141672343
141955010
141975467
142016857
142136571
142145420
142168405
142234810
142246188
142336886
142432469
142458275
142478623
142618384
142637301
142640712
142774279
142791922
142794565
142872194
143028492
143031255
143031570
143062276
143087845
143102396
143151302
143170105
143224260
143256987
143261161
143272567
143281013
143330421
143380323
143447153
143535676
143541544
143597394
143599412
143685408
143766913
143888852
143966923
144198992
144357156
144402853
144479992
144614576
144628787
144650829
144737049
144749145
144809665
144848363
144896920
144907658
144958416
144968592
144969394
144978666
145009497
145027785
145187222
145224490
145224678
145297973
145306815
145336647
145388054
145404467
145468842
145498562
145504368
145541930
145620360
145749132
145753781
145781928
145784007
145907066
145928740
145978012
146094425
146121389
146162274
146221708
146260147
146596314
146678771
146684432
146788861
146793315
146968587
147072236
147073875
147080187
147106966
147127665
147139892
147240979
147287636
147442336
147557119
147655989
147661373
147761455
147931181
147949810
147956163
147959790
148023935
148027065
148160058
148172331
148300786
148568046
148671545
148722869
148742014
148751038
148801211
148807006
148848858
148958700
148966367
149028220
149051823
149299744
149419769
149513059
149538697
149572803
149622258
149684620
149860634
149866712
149886876
149895222
149960393
150069806
150121628
150130321
150130851
150180122
150426590
150428629
150556055
150633785
150916548
150997214
151011264
151218269
151253082
151261881
151331612
151340275
151342710
151414534
151459703
151464652
151470901
151554465
151563803
151574080
151610366
151695166
151808973
151831388
151876751
151918513
152074271
152284504
152350561
152355711
152403477
152425685
152579163
152626332
152639986
152705680
152737166
152760587
152796312
152835427
152955140
152958614
152983194
152995699
153037969
153057190
153123043
153156983
153296967
153297458
153353922
153373958
153380049
153402489
153435277
153442552
153453479
153460757
153510076
153586763
153668338
153728982
153768740
153769550
153802776
153818979
153922729
153931339
153931790
153940781
154002039
154043440
154096559
154133769
154157194
154197391
154233544
154250188
154252271
154363697
154388775
154413204
154416308
154460996
154476617
154535768
154550378
154582874
154592911
154603679
154631203
154719815
154725374
154780134
154801202
154809337
154818621
154825514
154888601
154907801
154910924
154939591
154954497
154962959
154965659
154969884
154971922
155038601
155079898
155091961
155168769
155218598
155237858
155244966
155282207
155283755
155284610
155353280
155390443
155393177
155448423
155550668
155561269
155575810
155607510
155624765
155637257
155687199
155728278
155732180
155737285
155745094
155784009
155829065
155850481
155945031
155976036
155979083
156007725
156116185
156134435
156166033
156167465
156172316
156223888
156231405
156232698
156363414
156363544
156363892
156369371
156413866
156455519
156463785
156510885
156513431
156555507
156653086
156681303
156786825
156802677
156802930
156822041
156833059
156856142
156858084
156886868
156913848
156915849
156943666
156981414
157007944
157018336
157018344
157050247
157057717
157062435
157068395
157082157
157089258
157134844
157187620
157204089
157217345
157224438
157227512
157229826
157241378
157254622
157281974
157283730
157299610
157356327
157382639
157390524
157391246
157395496
157407046
157407354
157413866
157414079
157418817
157518275
157574105
157584513
157612026
157717134
157747382
157748154
157784975
157794256
157814998
157864227
157921959
157950897
158015284
158026892
158065786
158104143
158141736
158161769
158247483
158308529
158342339
158345119
158349413
158359451
158385747
158387439
158388142
158398765
158399973
158410043
158438846
158452595
158457268
158543983
158558439
158571264
158635037
158644427
158748181
158754105
158927416
158991755
159035914
159042650
159079750
159125667
159145752
159185654
159243969
159309766
159315253
159352279
159389065
159453434
159470276
159528533
159534537
159580612
159587280
159715337
159783984
159887762
159911504
159913408
159944958
159982311
160000343
160043404
160053710
160070728
160205869
160215256
160224463
160346347
160348583
160361906
160380447
160428534
160514395
160523111
160527163
160582781
160594288
160619016
160621084
160622216
160627205
160627624
160718387
160765427
160787714
160802260
160822358
160857196
160998185
161012041
161027380
161091189
161101333
161150050
161192564
161254782
161256363
161256635
161307268
161312547
161315461
161336597
161481523
161484877
161488884
161542365
161586810
161606455
161635460
161714426
161737729
161848548
161853526
161866520
161888184
161926976
161953200
161968761
161995214
162019650
162050230
162333269
162421163
162425284
162431036
162441301
162486643
162628851
162633554
162653573
162689425
162705524
162803561
162803593
162833473
162849847
162856293
162859972
162860317
162902752
162913446
162922469
162923726
162951326
163012834
163050386
163063479
163070470
163184884
163432081
163464701
163473764
163535788
163560176
163582985
163589658
163627898
163631816
163633837
163685284
163686273
163726480
163746420
163755502
163767012
163779066
163827856
163833494
163846306
163851387
163851561
163853537
163873079
163899125
163924070
163934344
163958021
163960353
163961451
163963321
163964841
163965921
163977107
163997335
164025556
164119330
164142837
164169347
164215174
164256570
164260855
164310781
164322362
164325649
164338614
164351782
164410936
164478396
164507371
164536620
164541260
164563787
164573713
164586083
164592455
164596121
164596563
164597237
164610531
164614841
164620026
164643656
164649237
164663305
164678597
164678962
164741506
164759431
164766980
164777543
164847428
164887872
164890639
164902114
164940044
164980713
164981596
165008322
165015563
165024558
165026012
165026084
165028381
165035395
165056136
165123243
165139514
165202903
165203967
165208114
165211795
165224261
165229141
165248102
165250933
165282178
165282968
165296521
165298893
165301085
165315672
165387389
165397537
165510469
165518626
165549700
165551204
165553605
165555589
165588953
165612124
165638569
165669127
165711251
165729350
165742008
165754088
165790944
165964080
165984922
166015336
166024515
166106692
166114709
166129667
166135489
166138363
166172000
166194483
166267765
166287472
166307374
166307952
166346296
166371129
166448438
166453846
166453914
166499897
166509965
166739730
166761157
166824625
166887572
167005133
167105179
167165770
167310203
167332643
167350679
167471620
167539480
167567933
167575871
167610011
167680287
167690592
167699798
167702013
167708953
167893251
167978435
167982897
168028787
168120468
168142435
168180252
168225034
168277307
168292198
168327219
168341174
168419533
168474988
168483373
168573305
168707917
168708346
168731289
168732122
168732880
168745138
168774907
168814596
168816759
168829595
168981202
169082933
169278799
169304736
169466711
169485123
169517857
169600800
169633855
169640529
169661506
169679613
169690156
169703926
169733489
169754043
169776302
169828962
169913966
169943247
169956058
170021053
170026374
170058154
170082867
170116884
170130591
170142898
170173447
170219584
170235063
170256111
170258249
170263251
170323908
170339796
170371313
170404035
170439610
170474474
170486542
170494397
170534022
170547971
170550203
170565419
170582669
170599790
170637557
170637606
170652795
170726917
170739054
170776883
170800709
170801884
170846894
170903736
170926546
170962773
170969162
170971034
170972610
170990806
170997117
171003872
171009442
171017784
171102913
171198585
171210636
171210808
171218687
171224191
171245323
171250476
171258223
171267596
171272680
171324896
171364176
171508183
171540358
171545652
171546042
171592952
171619902
171632654
171644519
171666535
171678418
171722131
171773853
171821671
171878506
171889985
171896263
171945148
171960254
172042147
172070890
172076058
172078404
172174100